1.302037309240010376e+00 7.109521651372132656e-01 8.874282530472232811e-01
1.065118298263294516e+00 8.342385239426027832e-01 1.063479754847564074e+00
1.101353757117785381e+00 9.549041675211090707e-01 8.581485152149804785e-01
9.329652817239658669e-01 8.690093462737236152e-01 1.020755794304830433e+00
9.569871353719096030e-01 9.277658272206878998e-01 9.312952918713744976e-01
8.534206810045249503e-01 8.854050300081834912e-01 6.822813320576562868e-01
1.155041039171772033e+00 7.601303691422656161e-01 1.035259894046419937e+00
1.184057391130067804e+00 1.207531183667638564e+00 3.950153460988053422e-01
7.473658081602688741e-01 1.278792830205081277e+00 8.563876302835993215e-01
1.152206168439334322e+00 8.054338025146376978e-01 9.558697867790113545e-01
1.023482642451483349e+00 1.069401463180612355e+00 8.588749898112431058e-01
5.998831027456454912e-01 8.493900928679390949e-01 1.147003482554697529e+00
1.456649827594865165e+00 6.287715453337342497e-01 9.141144380097894206e-01
1.051373316858094764e+00 1.020754526794618311e+00 1.048679636580434060e+00
9.791359482587211893e-01 1.151776600379444071e+00 9.774235617095370365e-01
8.659862488746045139e-01 8.780721651065882538e-01 1.457389501291160183e+00
3.403589982273012571e-01 1.180825407585669229e+00 1.376831853683929685e+00
1.088847134714359788e+00 9.723004893249482805e-01 1.036627049105942167e+00
9.156769647660083500e-01 1.032606197565274941e+00 9.219096501730903448e-01
5.280172527265356575e-01 9.989571860212692611e-01 1.097392502517569701e+00
1.171916561520658373e+00 1.306603518680856446e+00 6.095038697298703623e-01
9.640591031173074699e-01 1.491293823085886761e+00 8.292714712511742858e-01
1.233986752734762993e+00 1.022287641662800173e+00 7.149850825006303090e-01
1.064736350078082872e+00 1.060938402946910886e+00 1.052101811103425044e+00
9.868854024843350947e-01 7.628774245296655598e-01 9.992984052005013940e-01
1.201838100052884606e+00 1.067965038056235549e+00 5.722305638341869116e-01
9.804990536104488674e-01 1.032412793350912850e+00 8.208613655731898939e-01
9.287248535113645787e-01 8.771346430743072187e-01 1.239702737037257529e+00
1.077973534900684482e+00 8.703026527004856794e-01 8.440481081742150504e-01
1.097550838368423376e+00 1.240419999880669089e+00 9.858388871369648809e-01
9.523943819353098972e-01 8.742260572929164697e-01 1.381626286807612125e+00
1.215186418426191128e+00 6.389236249278064106e-01 7.259520973094818475e-01
7.161471176779786729e-01 9.787688313833172726e-01 9.441062069297069259e-01
1.030932538349680072e-01 1.642466631950198819e+00 5.381306753336815296e-01
7.461907212679158574e-01 8.833014434378978486e-01 9.012673544523115421e-01
1.056151913218638771e+00 8.403405731834374670e-01 1.065755893012129141e+00
7.680901675506339732e-01 9.449970834127560115e-01 1.080866885742126637e+00
4.162705053264387223e-01 1.059006963543613455e+00 1.208486362011080617e+00
1.125948112303648330e+00 6.456678730719785930e-01 1.078308687375084229e+00
9.524347016577962011e-01 1.237141421427045085e+00 1.020313515776199997e+00
9.252495105844101841e-01 9.998358526001754898e-01 9.704857050312066802e-01
1.280809019360815482e+00 1.299820900243898070e+00 1.069005474316228721e+00
6.284690129903806044e-01 1.989760165140940007e+00 4.361837116146845550e-01
5.243760823080663436e-02 1.519761545511544076e+00 1.009567597174553244e+00
1.181103552786818556e+00 1.390612727293705442e+00 1.778775527387656541e-01
7.316181117719332549e-01 1.255076049558155882e+00 7.855631346363878276e-01
1.015034204222865499e+00 1.149839818188771456e+00 9.091651352517913232e-01
1.132463365784007303e+00 1.191524553884597104e+00 8.979732608333512722e-01
9.749747996198481204e-01 1.207249367545622398e+00 6.259118183865411966e-01
7.868970641179888759e-01 7.681193684497465979e-01 1.060540796405673669e+00
1.280287851862704329e+00 8.567905942665147156e-01 1.228542661424170346e+00
9.742129522975282452e-01 9.517096255132593274e-01 9.205290384909168289e-01
9.813893291222609561e-01 9.935337262361013666e-01 8.250737004550346976e-01
1.086103538722701600e+00 6.751450654571846677e-01 1.461261257152063786e+00
1.481955369786942311e+00 1.116247494053771439e+00 1.232632996444519513e+00
1.220185118089853082e+00 1.051150635574821246e+00 9.838226484948978667e-01
8.125438399180081595e-01 1.317526773854541089e+00 1.033726733856646041e+00
1.197761357885016809e+00 1.304774258194311587e+00 7.825194465677524081e-01
1.265895989844914027e+00 1.301389358300193866e+00 1.110274532052778484e+00
6.900881146898936169e-01 1.037091084253757511e+00 1.131672314472704111e+00
1.047225715855593542e+00 1.278841715322007966e+00 6.856952780334849562e-01
1.271105282369813905e+00 1.184538672753602917e+00 5.993879509329943511e-01
1.601325892965501652e+00 3.748904393272632363e-01 8.328874116915666592e-01
1.976167710626185459e+00 7.371720190725253863e-01 1.361797588250132973e+00
1.181210947512206566e+00 6.836727751189816127e-01 1.141405510665195688e+00
1.086229575578709694e+00 8.567686580751665559e-01 9.428480340074870680e-01
9.782542183759900256e-01 8.123125773035421160e-01 6.553743167623969912e-01
9.052151126788257063e-01 1.204423129380881141e+00 8.848894192906238132e-01
9.282606549625295189e-01 1.067175991810028979e+00 1.214088651557509335e+00
1.280868812983025906e+00 1.113698416069478281e+00 8.945482638047380641e-01
1.095748800238463661e+00 9.672353474553428976e-01 1.009863815903904172e+00
1.094319469112661425e+00 9.169558272046299807e-01 1.067206999362958708e+00
1.400196195556469014e+00 8.898722449529151701e-01 1.274593857126486984e+00
8.689279900045203675e-01 1.076355142946837207e+00 1.097366805765429110e+00
1.131305899124985803e+00 1.063296876100574329e+00 1.418363362667514060e+00
8.457623869907866521e-01 1.003038329329560829e+00 8.682239514183961449e-01
9.229991674132981272e-01 9.920360370429164298e-01 9.072612947482425749e-01
1.105347375533251686e+00 6.340976171959100682e-01 9.725880670560653751e-01
1.058261416472577876e+00 1.187816258251312540e+00 9.247713742740032439e-01
6.734372896041485035e-01 1.090059405629640210e+00 7.347461996119486471e-01
9.392811798045497262e-01 1.160978152957198084e+00 8.482370596374864125e-01
1.012131444647111023e+00 8.212944890918792984e-01 9.076722168266363466e-01
1.112939236164323775e+00 5.228220369944427404e-01 6.534635026341248931e-01
1.016030925040599220e+00 1.145259956357144615e+00 9.582668191848660033e-01
6.485584183196325680e-01 1.142138510857742206e+00 6.417515494139133247e-01
1.488491895279438149e+00 1.103561420686127281e+00 3.821588683464765546e-01
9.154044573594070089e-01 1.167212223314377795e+00 1.238998596860969359e+00
1.286261619914628840e+00 2.896716886352396769e-01 1.013862295494855958e+00
8.647109081523576268e-01 1.134507977366425946e+00 1.039293207180296053e+00
8.617102994786070003e-01 1.141996232360967589e+00 1.266905434651702800e+00
1.425175980009171450e+00 1.267176159333217145e+00 5.155121619236748831e-01
9.002068354380735604e-01 6.191248175995933689e-01 1.587798753951956021e+00
1.056858353214102264e+00 1.064259726942529571e+00 6.867149425125461670e-01
9.291003948236297161e-01 1.020720429983051680e+00 9.536251922379183066e-01
1.043614067451364091e+00 9.105385219707309297e-01 8.143500928064845157e-01
1.215637162053983422e+00 1.072944013509187000e+00 7.056683970754226154e-01
1.285897249710280965e+00 8.045739469448919268e-01 1.168127282698687042e+00
8.102578821551318367e-01 9.262945234834558672e-01 1.015152060257685340e+00
1.138316222095186792e+00 6.934622797847200815e-01 1.143108614689308355e+00
1.452775279016401910e+00 8.317125415946935441e-01 8.601875567011738610e-01
1.113112263487849640e+00 8.714717138253048612e-01 1.040045519312650768e+00
1.087617760471997430e+00 1.116814142026739676e+00 1.414289268887134243e+00
1.160904429900662116e+00 8.853292164855142143e-01 9.991521986427117641e-01
1.148191959456257072e+00 1.010362942079617188e+00 7.454979942198919352e-01
1.222068837320990919e+00 1.224550869130201614e+00 8.984651854905068014e-01
9.584772793070798214e-01 1.126745400625014160e+00 9.639362714344849037e-01
1.002404255652768805e+00 9.127927395922474929e-01 9.743752295760746973e-01
8.350930752207631480e-01 1.107172246021723483e+00 1.179617342021233251e+00
5.697946442608184947e-01 1.247303102129280861e+00 1.495609247594150260e+00
7.177818230667725174e-01 1.921144351893745217e+00 7.148263868113865493e-01
9.055246175472668746e-01 1.219582337874553168e+00 9.542396890079950511e-01
5.427010211480549629e-01 1.010736487567882369e+00 1.266227716330477149e+00
9.729172648438557669e-01 1.058218090728227478e+00 8.629906523503160232e-01
8.560412548553416601e-01 1.257255142361581202e+00 9.673529476642085401e-01
3.990595490153525104e-01 5.879879107834322660e-01 4.912704724385629218e-01
1.192871763330693113e+00 9.267557080928173763e-01 1.034729038046997562e+00
1.297073399837691987e+00 1.265608667270533561e+00 1.119155647220020144e+00
1.064975068387022716e+00 9.733264390578507674e-01 9.671377004342824879e-01
1.060506354651899352e+00 1.390374936823641550e+00 8.678079407143961532e-01
1.233277698748947993e+00 7.294321443157596452e-01 1.486429444148391399e+00
1.335466751140353736e+00 1.067369903271952580e+00 8.265772007748405370e-01
1.266788910278477731e+00 1.203293945053286462e+00 5.575235956809211357e-01
6.495831426380783702e-01 1.060960881553418167e+00 9.888777269844934992e-01
7.961973399127771911e-01 1.243426328752042842e+00 3.643442966442593800e-01
9.303232490991715231e-01 1.010153427923155434e+00 1.073889865654767295e+00
1.077160196641462786e+00 9.761621485580814772e-01 9.374404666986287937e-01
1.191141279462593738e+00 8.331239073541799600e-01 1.119516280817730802e+00
1.196488734159157907e+00 6.110289795658817580e-01 9.780272716118588727e-01
9.343135124210618647e-01 9.934949886493179561e-01 1.361759700328064815e+00
1.053880429534988616e+00 9.924457846557209750e-01 7.655128634473511440e-01
1.182811655639786075e+00 1.541694226273168322e+00 4.826957410286323857e-01
1.151362554302316044e+00 1.035754197541935095e+00 6.569154069969608267e-01
9.155190450289653059e-01 1.006387630700568359e+00 1.260107026894579763e+00
9.343549903304472215e-01 1.201953003349550242e+00 1.069345591455268529e+00
1.398628601964358564e+00 4.580602137626387793e-01 1.237251570919331689e+00
9.289854302766002991e-01 1.049983701379901158e+00 1.081904202378345836e+00
8.483478208039035851e-01 6.463161821393704765e-01 1.007074978046932578e+00
9.008279212777784428e-01 1.424518013492291901e+00 7.386234988372275545e-01
6.988005220361995784e-01 1.169296880691408802e+00 1.341088535236991008e+00
9.246637998970479444e-01 9.389715579208784968e-01 7.552555772511463372e-01
8.654741759056908679e-01 1.240256950658813029e+00 1.020421986593920582e+00
9.958940378159213402e-01 1.109077253614777936e+00 9.625943184211792625e-01
9.398327163924790062e-01 8.471071944445489610e-01 8.662814401218046356e-01
1.131755560926807069e+00 1.099119354004445048e+00 8.884700451355344031e-01
1.245242453480698730e+00 1.183314237874983021e+00 1.267312124052418554e+00
8.249231129780998373e-01 1.169849359160365143e+00 8.543737983267006841e-01
9.473520319892985153e-01 1.125258595348757273e+00 1.019112462810727981e+00
1.169236555415760215e+00 9.494320149817057075e-01 7.038506974459841636e-01
1.049698769567174006e+00 1.129909357618286592e+00 7.028396507846627062e-01
4.375833547819442670e-01 3.929336436814018230e-01 8.439966552398789901e-01
1.138592356584136933e+00 8.769638190302889713e-01 7.782448792933400750e-01
1.133705435530802719e+00 1.089158542483814829e+00 4.614125211768405066e-01
1.413652004950222141e+00 5.870132433497049496e-01 7.833608206444808708e-01
1.098763517776973675e+00 9.890574306029402685e-01 8.139953716248204962e-01
1.651899939372387216e+00 5.124279309874565369e-01 1.656815736725084642e+00
1.273634615048715002e+00 6.730124122762154437e-01 9.998168546325799655e-01
8.624168047566909134e-01 1.029290473356764046e+00 8.824201563977600582e-01
8.580420630009977234e-01 1.003311456742057795e+00 7.450324477183620786e-01
1.089426166137764218e+00 9.434212561667791874e-01 1.205603747736532894e+00
7.905960089772383625e-01 8.831154410493419205e-01 1.345389283276484438e+00
1.177772525338157239e+00 1.193520585542342971e+00 6.637716241450466459e-01
6.169013173520910831e-01 1.415929104650058834e+00 1.244765233022002482e+00
1.419551949202723984e+00 1.209520832877823748e+00 4.975055753716550733e-01
1.458855252315745810e-01 1.433143537713942095e+00 1.082061240749685238e+00
5.591473181933660497e-01 6.593605085782662245e-01 5.208252706724630920e-01
1.153550044756454396e+00 5.669727621530473716e-01 8.635997244038214893e-01
1.051807258834271064e+00 1.091711720636136418e+00 4.415569004465081937e-01
1.470759274304194175e+00 6.433813129479343251e-01 1.087190886573826898e+00
1.045567622767057836e+00 7.096605293820376081e-01 1.221586076380875241e+00
7.169080846588486988e-01 8.310312936529591354e-01 1.475295932310028313e+00
8.358657682056787053e-01 9.426055956991845619e-01 1.096581968948365349e+00
1.261150231076956896e+00 1.078558228473249114e+00 9.789401715077641342e-01
1.019097182627911158e+00 1.123870531033597686e+00 1.124834757054519851e+00
1.026615716395820499e+00 1.169235638013194301e+00 5.829100683077490519e-01
8.318697948017342858e-01 9.533772115025490601e-01 1.241790585385839529e+00
1.194250197023754234e+00 1.102188955166415907e+00 8.055615599523425763e-01
1.106649601844396980e+00 1.108308691287743564e+00 7.119372460169678396e-01
1.062438381240154994e+00 9.951494552209312339e-01 9.941120383025605634e-01
9.127081882921278533e-01 1.117614631021001781e+00 5.860218936488742481e-01
1.350682629248253663e+00 9.365572349454358569e-01 1.211010859519268790e+00
9.255574623774338594e-01 9.560401244523074604e-01 9.589902139609453036e-01
1.064738003957457879e+00 1.361350481779969313e+00 9.004028966005180878e-01
7.700112695495984205e-01 1.125544778926056644e+00 9.836397232610718522e-01
1.127347775209383229e+00 1.172171802435761023e+00 1.102999732935237676e+00
1.203821027000655963e+00 1.267323556847991695e+00 5.698305482150163304e-01
1.206465427683028668e+00 1.423088304646117908e-01 1.261214679626644131e+00
7.847555333938065480e-01 1.147726219863245412e+00 1.246823972728055674e+00
3.435475347119011369e-01 1.297755225442344562e+00 8.755903250031081830e-01
8.342454986175646958e-01 9.361575900360344926e-01 1.512573024883084205e+00
8.924036721369353886e-01 1.204900374987472045e+00 1.068102648263567822e+00
3.956384788983336454e-01 1.028546588675139040e+00 1.318630900177698351e+00
9.105262724229741256e-01 1.023193842386561858e+00 9.261033321281560982e-01
5.134101542348977754e-01 1.448006913521931560e+00 8.054464860569277018e-01
9.232953452557934870e-01 1.485430860216115034e+00 9.449063876095413761e-01
8.033326759319550092e-01 1.227438014839215663e+00 8.974300277576753304e-01
1.415178708516759087e+00 4.214316286105113107e-01 1.597735335461649919e+00
9.800854997675209068e-01 9.132923174751805817e-01 9.603100275938384334e-01
7.732140947921273266e-01 7.966013547136628903e-01 1.083117559505387018e+00
1.169340668845543441e+00 7.739758701969962074e-01 5.813601732351504348e-01
1.614482479551102356e+00 2.262320412443822315e-01 9.104623547896841806e-01
1.007721384054549807e+00 1.103982364138963890e+00 1.002893521737695304e+00
7.767603767737267795e-01 7.739535826408886487e-01 1.206748122966383674e+00
7.656190926210655334e-01 1.084637829753813287e+00 6.559542432654306143e-01
1.012617019480123615e+00 9.413082003649710927e-01 9.810480079822454513e-01
7.730675460252529607e-01 1.107134349790928507e+00 9.701542824837641188e-01
9.879443702307878494e-01 1.350216798739200197e+00 1.002674240059363564e+00
1.250931357746891903e+00 8.477454611337287282e-01 8.189957091277682011e-01
1.071175843965812113e+00 1.052376022210739448e+00 5.426370976001892998e-01
1.192586720497622155e+00 9.058844081592130060e-01 1.178202409445900045e+00
1.009890599130274902e+00 1.199337394798876355e+00 7.363390075494600229e-01
1.095447239707022957e+00 1.075180567094401685e+00 9.421807470653418282e-01
9.318197328474537855e-01 8.333642329080600542e-01 8.702457888183314783e-01
8.638815807750084286e-01 1.470508474498657625e+00 9.413988969830865416e-01
1.196373072274594662e+00 1.018531223842193523e+00 9.037147774280442913e-01
1.042838857776404060e+00 1.092692420688200494e+00 7.749885569585186484e-01
8.909005508754880287e-01 1.053831398171654721e+00 9.875147279734838301e-01
9.372599265352102860e-01 9.671529595410403024e-01 1.034946343808258673e+00
9.246209628672349412e-01 1.028510795187614901e+00 8.511336329363721198e-01
1.155418108889716411e+00 7.480292780520375606e-01 1.130975254054829238e+00
1.144179901354538398e+00 1.300464418241832343e+00 8.879283058816366259e-01
1.073905510697394927e+00 1.083337145198240536e+00 7.072306559549256244e-01
1.297522888358034088e+00 1.145014064275649668e+00 7.098518839403890057e-01
6.964362989143667582e-01 5.716609150507206971e-01 1.309108021749816109e+00
9.873441870873196358e-01 1.455178980204005157e+00 1.006443276507599016e+00
8.380702721089678953e-01 8.071851245359256133e-01 1.001942888830726464e+00
1.048508793790705607e+00 1.057698498545133203e+00 1.267545532594961610e+00
1.182896177174932451e+00 9.739308702925968397e-01 9.083495366662990289e-01
8.632837618840194516e-01 8.757951574314332133e-01 9.462906285367425063e-01
8.933085314184723291e-01 1.142226145264762405e+00 7.650034407761999722e-01
9.830126976017788953e-01 1.046235681651092264e+00 1.057082741207711729e+00
5.332003890465872864e-01 1.369784425755742552e+00 9.585355112053576265e-01
1.418243703767926078e+00 8.713790411325752494e-01 6.733809741654370740e-01
1.242905206829865161e+00 1.633119329165156675e+00 1.035071873309327151e+00
1.525544118719996955e+00 3.695976415492155942e-01 1.398186276643189174e+00
7.820861067066265937e-01 8.747549499810942653e-01 1.047318019256897381e+00
7.214125317675773585e-01 1.289998249921492590e+00 1.225790442900903443e+00
1.025322100915595058e+00 1.428450716414740640e+00 1.042182684768278689e+00
7.003748496164901027e-01 1.277764545702992471e+00 9.120845266916906002e-01
1.227342116382759807e+00 8.714957150176170231e-01 1.192607602204408090e+00
7.655634166009577246e-01 8.258044137843396637e-01 7.013379675665100121e-01
1.272785693332046719e+00 1.164419348317017988e+00 7.570530874171664815e-01
9.771194985550378798e-01 1.218759393031108251e+00 7.196402514711336407e-01
1.043732476415884181e+00 1.077543563914826974e+00 1.269437458826544685e+00
7.941100227845064863e-01 1.011172730966346300e+00 1.095435165403409794e+00
8.231786971118679741e-01 7.536254044871267821e-01 1.776086919226957050e+00
1.205363114346075903e+00 1.059723809633317915e+00 9.087750587194421970e-01
1.093572716331235428e+00 9.966381920765360336e-01 9.317113501102447515e-01
1.332991427983923449e+00 1.033259994469530429e+00 6.488278485674776608e-01
6.058465539198325533e-01 9.104056451765871749e-01 9.635254581123561257e-01
9.440689695982065199e-01 1.148383628387294131e+00 9.028991954587187729e-01
1.039791465581404895e+00 9.087140337919512589e-01 8.337419722532685151e-01
1.114893615815351069e+00 1.181222193929818864e+00 1.173654156573857188e+00
6.779087285573426325e-01 1.040107999291826291e+00 9.115018366867168043e-01
7.512620433320188473e-01 1.143653444856391088e+00 1.271052341156064802e+00
1.172080502036412231e+00 7.301287166337177004e-01 1.277682735317530405e+00
1.164626563841296703e+00 1.005901282031609112e+00 9.712823717286056535e-01
1.377769284993139776e+00 1.480394449743170027e+00 5.503011937115956931e-01
1.145837057252508062e+00 8.432217802173768151e-01 9.875324072097235728e-01
1.162975826382064870e+00 1.096700599124582398e+00 8.816963990479822488e-01
1.157287565722710410e+00 1.581053235814283919e+00 9.148919887565449827e-01
5.599619792366986593e-01 8.192552143337646919e-01 3.640252856496934419e-01
7.980663403179261151e-01 9.529767129569445272e-01 1.040476668886161304e+00
1.228618292430555536e+00 9.134562619623772806e-01 7.866929612012423245e-01
1.244232474390724930e+00 1.126785092273411060e+00 8.704227296321838114e-01
1.210760957282701611e+00 5.854235120168812534e-01 9.295376199443733389e-01
8.048482394801029782e-01 1.492520404811328971e+00 5.409413677222509875e-01
1.137304250533748728e+00 1.781376639968125231e+00 1.889027659559876782e-01
1.271848792200288125e+00 1.440792815410894434e+00 4.578729179393155602e-01
1.294837531997413693e+00 1.153145202031678584e+00 8.077924750706605428e-01
9.771926030216665504e-01 1.260219049225765664e+00 1.013985091543753603e+00
5.960515343927274001e-01 9.413715223685107381e-01 6.941014494904423904e-01
6.989324336270860138e-01 9.469085410560131866e-01 1.190541291294239024e+00
1.236243756239461922e+00 5.892819872999845998e-01 9.767748756176182212e-01
1.142586030034890232e+00 9.973740537452276955e-01 6.776227555971812144e-01
9.772163782642480090e-01 1.074983344360887161e+00 7.447702653643575310e-01
9.139798180680900330e-01 1.144187362893659632e+00 1.002781376267574798e+00
1.158298514043826666e+00 1.447253133779171197e+00 8.027522097822262781e-01
8.083378438110814246e-01 1.218956959077790225e+00 6.172564101882147547e-01
8.147480277506112811e-01 1.065023576027188446e+00 8.500151845329898537e-01
9.120028369157328063e-01 7.285548531895826851e-01 1.292329146038991849e+00
7.528466226430625685e-01 8.408797822154736590e-01 7.607411391693457148e-01
2.074629502507996659e-01 1.365821879103271019e+00 1.355186807200114529e+00
1.061748153465325251e+00 8.033436537563344304e-01 1.020494049020587379e+00
9.838466103142702313e-01 1.306337696744438670e+00 1.217461450986032645e+00
5.046627933095978458e-01 1.144107571036249604e+00 1.146248168386542421e+00
1.046085025343659991e+00 1.166870887600969464e+00 1.104992904952288191e+00
1.212861865277508722e+00 8.420147031844849028e-01 1.311756358822599333e+00
9.810451408683263930e-01 1.030989384240513784e+00 1.037253987635593733e+00
1.199879978681017256e+00 1.296189689377976517e+00 9.808755352254965310e-01
1.017639818459547651e+00 1.122940287866609488e+00 1.243005383732931568e+00
1.020452520460525037e+00 1.193791075383181965e+00 9.132718919405569125e-01
1.091431297442868154e+00 1.319286279315563970e+00 1.006684343111568403e+00
1.695918033259367075e+00 7.067276826753637886e-01 6.965067807341979167e-01
8.862678602444130638e-01 1.041907913469247937e+00 6.708130648178739497e-01
1.116293031183878792e+00 1.192301082257575473e+00 8.592588975661926698e-01
1.007953363475650788e+00 1.053557005017305093e+00 1.046639144627476314e+00
1.071230326463694649e+00 9.566469678539887278e-01 1.074902188348799026e+00
1.062423921228819790e+00 1.406792719678866987e+00 7.123655928126093606e-01
1.099450075256454218e+00 1.127832950481798102e+00 8.448285728561261143e-01
8.122853758082074771e-01 9.501633761679132428e-01 9.166028351984600864e-01
1.024700986909114819e+00 9.269217510738138044e-01 7.409119292846213511e-01
7.483764694149659391e-01 1.004728709436573553e+00 8.493398792088193705e-01
1.355738863598315191e+00 1.118976864626001877e+00 8.586578421871073896e-01
9.703526974695793061e-01 1.537976585052236445e+00 1.153398156059940893e+00
4.742044614474177910e-01 1.964875086580923469e+00 8.372343707103787613e-01
1.039878472898582595e+00 1.031469431100552336e+00 1.141981846521396005e+00
1.264292747516890802e+00 1.070811901998794502e+00 1.052991790121612370e+00
8.056179594714900638e-01 9.100056743581085295e-01 7.851907783573510713e-01
9.686991319907719555e-01 1.011356091742171115e+00 8.184261900989650007e-01
1.611299277486693882e+00 1.280301671899821692e+00 5.262901928685224107e-01
5.040102770321468473e-01 1.076606524571211088e+00 9.569500519853820775e-01
1.102375623805352367e+00 1.086999346742291594e+00 5.778729447633450533e-01
9.074136947595973224e-01 8.246858080123610213e-01 1.215285880604584978e+00
6.587435163987943598e-01 7.987078161888261363e-01 1.123525511244837460e+00
3.658468329377033701e-01 7.605580903155999550e-01 1.664422429596006614e+00
8.574843797191313843e-01 8.949809608914703896e-01 8.038676997238731747e-01
9.022738698490337939e-01 1.026259804532050124e+00 1.032424799994235309e+00
7.848694797509030430e-01 1.600681058598896422e+00 1.241496736715719473e+00
1.039965668623396233e+00 6.812333107918143726e-01 8.357415408140440594e-01
1.027211354960615664e+00 1.406953038805159872e+00 7.349985698586768423e-01
1.149950956571495153e+00 8.186415509321188777e-01 1.040279887300412431e+00
1.140712545175386561e+00 1.030627397589206629e+00 9.522060169162623877e-01
8.821183407147158428e-01 6.185990977540615221e-01 8.625503332013129132e-01
1.121868510946448128e+00 1.476347893320534288e+00 3.513009549999189796e-01
1.012692085161771116e+00 7.065203563959374655e-01 7.617654403424084508e-01
1.203300123997310234e+00 4.956917554912134150e-01 1.607415431384361826e+00
8.897102259543394620e-01 1.011480909819319818e+00 7.226979077906786619e-01
1.081987688144596449e+00 1.105566545869775208e+00 1.015668072324323878e+00
9.663284391480910784e-01 9.510725297479352136e-01 1.227823957880482819e+00
1.650777453731117728e+00 8.185886813676847007e-01 7.169275295406356552e-01
1.367575168262397112e+00 9.794287452743505318e-01 9.661236803687006658e-01
1.052823760881736792e+00 6.202387019310583449e-01 1.118323322361537864e+00
9.505361539747528843e-01 9.121662245933656044e-01 1.028575721552861921e+00
1.157091496032223166e+00 1.162750741989032832e+00 1.084579705661199434e+00
1.682638848441369572e-01 2.246815417102109969e+00 9.937836838026327391e-02
1.229822298858356033e+00 9.850617500771806645e-01 6.353593591242030492e-01
1.131848484770858310e+00 7.543335566187531205e-01 1.336613220069903685e+00
8.731541945499580182e-01 1.072589840271111594e+00 1.101905878050183807e+00
4.807363079646110871e-01 1.268060579883119043e+00 1.306838039125701290e+00
1.290096450622274959e+00 8.145720639601459201e-01 9.455610133712035736e-01
4.569742657184621693e-01 1.037633244766495322e+00 1.366082471197712644e+00
1.509895227803271123e+00 9.549021686923701013e-01 8.472172837216274122e-01
9.355566800356839297e-01 1.300073209037794220e+00 9.994951588304987755e-01
1.250041317434530175e+00 1.116629389205323619e+00 9.590484049978071912e-01
4.605419743799349375e-01 9.985238332829909913e-01 7.327021786515202084e-01
1.107824759760847932e+00 2.411725722181382869e-01 1.269593230257537453e+00
1.303277648577638059e+00 6.946930134211805052e-01 8.879634182931031017e-01
8.367221786643884718e-01 9.452981202021468743e-01 1.200703333102697723e+00
1.272489699901786508e+00 1.073494687510716528e+00 8.218362989713242639e-01
9.546942757972202154e-01 1.118375967712009089e+00 5.243911260948284081e-01
9.014938280458991704e-01 8.785648707618337605e-01 1.050321910083884758e+00
1.990729928594854869e-01 1.524846067309877595e+00 1.253576269030224566e+00
1.308097104534954980e+00 9.962958340571610449e-01 1.228989000168840162e+00
1.026775444173359420e+00 1.058272044577213133e+00 1.065652436567932737e+00
1.135091334100874594e+00 1.116963234369045654e+00 9.811142793001675910e-01
8.006667815133495791e-01 7.182133553790525093e-01 1.487700690587663521e+00
9.774880424060897743e-01 9.478858569599154515e-01 7.752758739118608133e-01
8.722052290983884903e-01 9.735826545600968496e-01 9.826788156195201962e-01
5.267947667378253263e-01 1.061152760566602682e+00 8.207617940691396274e-01
9.034059461539036828e-01 6.882774290541013862e-01 1.230863420979502854e+00
6.809388207268256554e-01 1.098879378184443478e+00 1.202141969101557351e+00
1.262291616498481206e+00 9.850049239965997794e-01 8.713866770721857558e-01
1.173922091431108150e+00 1.153502449563291510e+00 4.967830188880205666e-01
9.725115549569677276e-01 9.828236613864181903e-01 1.343714115875729531e+00
1.058330986411701202e+00 5.151544932104146213e-01 1.426138803314991099e+00
8.879137448506603247e-01 9.272813333173309802e-01 1.031510967460826045e+00
1.141697265737421585e+00 9.556721660409452923e-01 1.032710568889500413e+00
1.068754280588268379e+00 1.372418313000042023e+00 3.511860756671671413e-01
7.066521769174300971e-01 6.441597531936148480e-01 1.560686511489205452e+00
4.539249004217759675e-01 2.406167160726998266e-01 1.836894909242585916e+00
6.603346257341061731e-01 1.203609377167500272e+00 9.747716457390551703e-01
1.080952882634217627e+00 1.181709697715896956e+00 8.487696874782463263e-01
1.084762983159600402e+00 8.891804260721976050e-01 8.859042470902818156e-01
8.803487339324831407e-01 8.564327125340613911e-01 9.708055561883564000e-01
1.101611679094408380e+00 2.958628243368603417e-01 1.122243308712296939e+00
8.257195730162717462e-01 8.793830960624606785e-01 1.071559095854657695e+00
1.255434864559940245e+00 1.338855041601290763e+00 6.130567419968251386e-01
9.970465774809724735e-01 6.110238957360558665e-01 1.238944911277902738e+00
1.168288860121110551e+00 1.077413568815581479e+00 9.880565452785105007e-01
1.169821791920898191e+00 1.214013101172196185e+00 1.063039173515072822e+00
1.116897109350522221e+00 1.228796076027216966e+00 7.614529498543962660e-01
8.220834761616024888e-01 9.852572836277686541e-01 9.949094970762321077e-01
1.041236195256261432e+00 1.007079730950398044e+00 1.125734618777925578e+00
1.200147660451363452e+00 1.027368500524136641e+00 8.256670197672281164e-01
5.853177561473384971e-01 1.128558457341469756e+00 1.295974041097556206e+00
1.283311058568478380e+00 6.486369225234026592e-01 9.413876150086893935e-01
1.108740310756568981e+00 7.263537712357185372e-01 1.121803928049330157e+00
9.255687205226355019e-01 1.300486590371398687e+00 1.209157204712412614e+00
8.701771561171938174e-01 1.000280946594192866e+00 9.007346773601583312e-01
1.046252717847119040e+00 6.995091549153649169e-01 9.416297745942503461e-01
1.018643351787473561e+00 1.126094876639585296e+00 8.008209578836475995e-01
8.546766771928817619e-01 1.178365256964943653e+00 1.089036667249486001e+00
8.954536367607129899e-01 1.006436689529622841e+00 7.502508197725253902e-01
9.808818837871915441e-01 8.982146545708848961e-01 1.001188102821102266e+00
8.712853528154634875e-01 9.091625639090911148e-01 1.155870804523464468e+00
1.145294129122951921e+00 6.366217106440270612e-01 1.656402416610448736e+00
1.164624565208803642e+00 8.221758124572650095e-01 9.550590044364001274e-01
1.190199636759300628e+00 8.661087907206491687e-01 1.335664374821724509e+00
1.003387618745836374e+00 7.853684078981516548e-01 9.180515031703608830e-01
6.326188350916591707e-01 1.135400488590094126e+00 9.709288198435143125e-01
1.174284128064111199e+00 9.860163492445837008e-01 6.473019352883871980e-01
6.341918061421418784e-01 9.415127173048485343e-01 7.613432580278907125e-01
1.047679721263798491e+00 1.275488529993668463e+00 4.954368537788774729e-01
4.612280738997174834e-01 1.094944934546247417e+00 1.652393587311019818e+00
1.229431100476980676e+00 1.052126606819323573e+00 7.005954585409315261e-01
1.113624228582988041e+00 8.344366421573872206e-01 1.230786338106925504e+00
9.985989620701943847e-01 1.038110822878335338e+00 9.360045197503490400e-01
6.424814920541010999e-01 1.056191696509427569e+00 1.517725507863217471e+00
1.378621318657534900e+00 6.420454248102807071e-01 1.198392720136769674e+00
9.388536604584479806e-01 1.440893809916761636e+00 7.975802945753672768e-01
7.713766937013308844e-01 1.514466933197239129e+00 1.026904407723861157e+00
9.272639830539158856e-01 1.166324228385115624e+00 1.117414621606126035e+00
5.612312049677870007e-01 1.057577022271487754e+00 1.418281724887563655e+00
1.212800271878234248e+00 6.367220114817965237e-01 1.088766862414438208e+00
1.067306550565882972e+00 1.274294567557426650e+00 9.274097733340900263e-01
1.208162643874952868e+00 9.884946572818551491e-01 8.090634116867707615e-01
8.930768392895275243e-01 9.073439912868687118e-01 1.404904035380752036e+00
1.076632959593461170e+00 1.105366515508040992e+00 8.646761631713100194e-01
5.562557176681263149e-01 1.581566672275403151e+00 8.528480180950893663e-01
1.476120159684213951e+00 6.287369902654670328e-01 9.312858827009330431e-01
1.368388681843593524e+00 1.087139565945666853e+00 7.818278569224995644e-01
9.021288812385013234e-01 9.786663755857971658e-01 8.597653271895431271e-01
1.025179863995006269e+00 7.916147911234389101e-01 1.601067287458204369e+00
1.388808814843574213e+00 9.088260883196590534e-01 1.412802430548373511e+00
1.034056519030545962e+00 1.034255006580757863e+00 7.677527431385354761e-01
8.132298434108091723e-01 9.477715731592871728e-01 7.998785955559100103e-01
1.760742695753043874e+00 1.034338056151287377e+00 4.763298804261892894e-01
1.205105595312677025e+00 5.629720219258029790e-01 1.175822445504896230e+00
1.086743743104080284e+00 1.031813029889955935e+00 1.319130909394657714e+00
9.340007404717044492e-01 1.008076609858889361e+00 1.208503693729312989e+00
1.009829953652139567e+00 1.072263692349306297e+00 1.009104688178672493e+00
1.333126461881610325e+00 7.841618433053961779e-01 4.382443790813005946e-01
1.497791013762427959e+00 7.136620643462882052e-01 1.317700991085279716e+00
9.559881861374843748e-01 9.232937159255654169e-01 1.200346383605143785e+00
1.026729032637181183e+00 9.764770296726494880e-01 8.677488576168900236e-01
9.865706865113189616e-01 1.214452298944030284e+00 9.350298228990371330e-01
9.536529742760692097e-01 9.764700043823225650e-01 4.265665985170328800e-01
8.458361882698736123e-01 1.212570914325201921e+00 8.610175964454980235e-01
1.239278855495615339e+00 5.002566479008430100e-01 1.475026118415968757e+00
1.050673565155668010e+00 1.045496789635079971e+00 9.621994011801178193e-01
8.074819267502584275e-01 1.020204527592975641e+00 9.210103573596776227e-01
1.217673091979240230e+00 1.160309661187368890e+00 7.434575751905969643e-01
1.272618235207879422e+00 8.601332681905502486e-01 8.898615981903670313e-01
1.149756780768061537e+00 1.108246075670745734e+00 9.518636012886829700e-01
1.125754898226514200e+00 9.514497798239163195e-01 1.044277790764521541e+00
7.817960872712238496e-01 1.035635438488021975e+00 1.045217363013384526e+00
1.073304457606505391e+00 1.084825065492247109e+00 9.290383207878948335e-01
7.001451155520530545e-01 1.277502262747679973e+00 9.301391297332120001e-01
8.236243745820435169e-01 1.454887242151603255e+00 1.122875702004724419e+00
1.775126623020533589e+00 5.118655962767463263e-01 1.432433419993245582e+00
3.525299737892622493e-02 1.993821222360626644e+00 1.104723497620219153e+00
1.092331013866848499e+00 9.242172583484791204e-01 1.126223544324140180e+00
1.135991184915482011e+00 9.798323758436517927e-01 1.012034078713889063e+00
9.697520268908761398e-01 1.492724109673644994e+00 1.221877591489792803e+00
1.384448504652085354e+00 9.555768357432421478e-01 9.019421798420619307e-01
8.366560703920358222e-01 6.737799156251433885e-01 8.996615751832364172e-01
1.290328828256153804e+00 7.523275590395712698e-01 8.352578123939530252e-01
1.417755532905693228e+00 1.062790418157619099e+00 5.566691498839357877e-01
1.562836005237452586e+00 9.183841665856335990e-01 5.466451801206252403e-01
1.169315736597648314e+00 5.320771023139910794e-01 6.213680829012480089e-01
1.523474278421120154e+00 1.163154069772726951e+00 1.053117844783082679e+00
1.416257467196039954e+00 4.363185618276642641e-01 1.470258857086513382e+00
1.065988076923056749e+00 6.295470834879004496e-01 1.472752268532092845e+00
9.682441578976642704e-01 9.799778632392293076e-01 8.829970946454673841e-01
5.933474032355071648e-01 1.382254589006813417e+00 1.490062588075624417e+00
1.385350116646488772e+00 1.040058065316156410e+00 5.481144852996832073e-01
1.457625616338788399e+00 1.755507657894461282e+00 3.755517586259114471e-01
1.518133222158661644e+00 2.626680278020829262e-01 1.364316010164586590e+00
8.748761902399819768e-01 1.263145930215430646e+00 2.719177374591666418e-01
9.956437205267804069e-01 1.084217618600605837e+00 1.018885773972816322e+00
1.258663689950348719e+00 7.635505471817728429e-01 1.126353695539932698e+00
5.617916988694864333e-01 1.193106163921197505e+00 6.616527240647076535e-01
1.115317606929096428e+00 8.744488036975014422e-01 9.295445654881966391e-01
9.521480325791709109e-01 9.928195870703445669e-01 9.961823087996125592e-01
7.511261891249860767e-01 1.247052193261442232e+00 1.033592920658126468e+00
1.509727847004318058e+00 1.154254239035174212e+00 5.835021309020197444e-01
7.728619764412552051e-01 1.045946691665250228e+00 5.167876317941390019e-01
8.596687318124612842e-01 1.023093620265513204e+00 1.042686033320532113e+00
1.083775569349360479e+00 9.628274054526797521e-01 2.696208764809923109e-01
1.128546884911217907e+00 1.332883473338018820e+00 7.067121595825938130e-01
1.177506035700991882e+00 1.247596780858870824e+00 9.142723211082224299e-01
1.073778896159319540e+00 1.297223646926677132e+00 1.274973873540625080e+00
1.325914555214000146e+00 9.298438046543314739e-01 6.148407027836830796e-01
1.014094562364006524e+00 1.063260540299063361e+00 5.556256957403127306e-01
1.520454757308151494e+00 7.335037152881658251e-01 8.269350964862924869e-01
1.313555403882063155e+00 1.091573359965353207e+00 1.051391259843052595e+00
9.820261399486247544e-01 1.068239216384625045e+00 9.276560886488787183e-01
1.613644029455033824e+00 1.088837778531140721e+00 6.339388150958170653e-01
8.445688374910752527e-01 1.266924891844209533e+00 7.792252540777828695e-01
1.122031736343860997e+00 3.756033019048237720e-01 1.118355510039787282e+00
1.000904586020596287e+00 1.298371552850168476e+00 9.252724416601676438e-01
5.301080029921435566e-01 9.421759753731276943e-01 1.203441043434317903e+00
1.223535946374254113e+00 7.087188528294798839e-01 1.157842753847084127e+00
1.185779919707650842e+00 1.090784209682218453e+00 5.317253367597302161e-01
1.129095621886902823e+00 1.335519637416978878e+00 1.414285392695586729e+00
8.794030304679950616e-01 1.090851386388404842e+00 9.780439225808170711e-01
4.586161148015888700e-01 9.947569823893992469e-01 1.031651476626920250e+00
1.082720319619087768e+00 9.565400003065371859e-01 6.597788865257260271e-01
9.228759023561410313e-01 1.138395800107671496e+00 1.017461942442622780e+00
7.305851639903572226e-01 1.034612209110101988e+00 1.114976945086709303e+00
1.071282574388306097e+00 9.411587975868414002e-01 9.919063919085684411e-01
1.402603736282562297e+00 7.111680773140032219e-01 1.307529001074850816e+00
1.337057893923097929e+00 9.433128953468085109e-01 8.312443225830598026e-01
7.660098208934721375e-01 1.395290735426024886e+00 8.411772612446591912e-01
9.569497922336953621e-01 9.349726329707997996e-01 9.752524557776416358e-01
8.789421844771084791e-01 9.871710565596856224e-01 8.912535522215722095e-01
1.153849171524939488e+00 6.956330275841519084e-01 1.149469648124340937e+00
9.628700318517326995e-01 1.335792156431000466e+00 7.248091054921319554e-01
1.152226815336957255e+00 1.033698420041895716e+00 7.752299267298030649e-01
8.890115531283174777e-01 1.349286760561826393e+00 6.757740229027189294e-01
1.033174821078592931e+00 8.233273530725135902e-01 1.288028538825185754e+00
1.092218391591287974e+00 7.814614817972632688e-01 7.494651945009843663e-01
1.313580736563343843e+00 1.073706607746833575e+00 8.067433418871181594e-01
1.214295708335564994e+00 1.039459965208482606e+00 8.063890968459501707e-01
9.219152778618776578e-01 1.280269745166904727e+00 5.766770046489083645e-01
7.346207615733283403e-01 1.003912144362396397e+00 9.729086841277571063e-01
1.445980781085099753e+00 6.605369297094070280e-01 7.920442382399179859e-01
1.077319557313869192e+00 1.200906220352364828e+00 7.906033645168821788e-01
2.012304953443800060e-01 1.032775048743506341e+00 1.814912369765503408e+00
1.112383877081107642e+00 4.101337168772422048e-01 7.620070388458096700e-01
1.298623113211712532e+00 1.324064739678800562e+00 6.144070409221851214e-01
1.005542241792965807e+00 1.093815624493970740e+00 9.524792897369176448e-01
9.260795665096677176e-01 7.547019327587041193e-01 1.075502439015851852e+00
7.650628979773006488e-01 1.066763047099840156e+00 9.444092017876704048e-01
1.237100974083139127e+00 6.381188789274770956e-01 6.936251152914688634e-01
1.348313008213043673e+00 6.397433663792826408e-01 1.583052344606846296e+00
1.066626845874584006e+00 1.215818080864009332e+00 5.295819574676966512e-01
1.115731045183871339e+00 1.075297248211554146e+00 7.065610558965302879e-01
1.189608304715732645e+00 7.169572084227511244e-01 9.313172562081943884e-01
7.544091553433218689e-01 1.150407457430072222e+00 1.007211188221144083e+00
9.721487903383586593e-01 6.609781811097275028e-01 1.290718433634339801e+00
1.051828700284426654e+00 9.145035622299301226e-01 1.205483377790955934e+00
8.793335055447270010e-01 1.231221911502093258e+00 1.118895347331569035e+00
9.082466512919915580e-01 7.717572722424494991e-01 8.612709392953052934e-01
1.201797336227885538e+00 7.917580967888366850e-01 1.209543525844154033e+00
9.538928687674631535e-01 4.034449114492859034e-01 1.461198682134678517e+00
1.114049069031362471e+00 1.001028548753880365e+00 8.912332921152158471e-01
1.053978974753576381e+00 8.224678804742677762e-01 4.468667822663652811e-01
4.410269234027881791e-02 1.293860815272269038e+00 2.041034285105853385e+00
8.704749649388151544e-01 1.187300166014922276e+00 1.232455453988133831e+00
1.190847923655252272e+00 9.764745786674853267e-01 9.538254936545251805e-01
3.760090123877971591e-01 1.821800109904376574e+00 1.058091636872962926e+00
1.338920141918680473e+00 8.130082338711996925e-01 3.027211460161199907e-01
1.083380988416800639e+00 1.084715444740908419e+00 1.069153616770213588e+00
6.456525466102511768e-01 1.161786598406198134e+00 7.606781022908316592e-01
1.180614826346612301e+00 9.565096871031228964e-01 7.750749336863337335e-01
1.104151426516983392e+00 8.748597802224921116e-01 9.201836146474582367e-01
8.325722943723589120e-01 1.074003252951988063e+00 7.447979232016537221e-01
9.380139933996035628e-01 1.387284808523384871e+00 1.315391942277674087e+00
8.471794332493363111e-01 1.177830366861587263e+00 1.146342333730804075e+00
1.393329379866489193e+00 1.102029613447637946e+00 5.769800022011152274e-01
1.148683267155386156e+00 8.434558688324721443e-01 1.047121429160435824e+00
1.362624996525981569e+00 1.497683367486568384e+00 1.173046528755775919e-01
1.135841852072547287e+00 1.025349838190834362e+00 1.166546098216798555e+00
1.030073087568640133e+00 1.007080018382234599e+00 1.027964898983114272e+00
1.119358437049888355e+00 1.055490486606308398e+00 5.949773937765608922e-01
1.085439485452068364e+00 1.238596520878759488e+00 1.396189124219072042e+00
8.622517732083924136e-01 6.518064351540174828e-01 1.391415498226897363e+00
7.219115990055622323e-01 1.072069755679749159e+00 1.145655148831489445e+00
5.778395871897538116e-01 1.113121302201275808e+00 1.278611866147441489e+00
1.262376363387019751e+00 1.090916300359934921e+00 6.684928403880112668e-01
1.350827971229723312e+00 6.489578592081440833e-01 8.865187009295680820e-01
1.055418381014142870e+00 6.920658403395193448e-01 7.070964827515541229e-01
9.315770594908634461e-01 9.549503723866037408e-01 1.221348260224477178e+00
9.098849183031200161e-01 7.371988003276589430e-01 1.025345651018421345e+00
7.561334370755520284e-01 8.972295882228537023e-01 1.096851017217067126e+00
9.104709758806129871e-01 9.239804728895911756e-01 8.801588657309954433e-01
7.653245029959517831e-01 1.168505286696199352e+00 1.021352950398271009e+00
9.948740447509637486e-01 1.128111808116939896e+00 1.118560932132388164e+00
8.899187586102849101e-01 4.696188036526428022e-01 1.278213312332976415e+00
8.239927095698026394e-01 1.365328519669511076e+00 1.718115787653565540e+00
1.116053440893790327e+00 3.936237180648412548e-01 1.002388161145377765e+00
7.585830101979905704e-01 1.327430575296487003e+00 9.275230821201778664e-01
1.874958358070726749e+00 1.908462593219285020e-01 5.119303163187605143e-01
1.210276259344864602e+00 8.920909232100145969e-01 1.078809979992479517e+00
1.105978914225383081e+00 8.140869623861436422e-01 1.049215550717099266e+00
8.720240672734045351e-01 8.392633874577567488e-01 9.209383787005507305e-01
1.389289286246861543e+00 1.642905762190105534e-01 1.210347349158864771e+00
1.515779039611310886e+00 6.298732494406187321e-01 1.265254248066779219e+00
9.436137830352880895e-01 8.217913870765993778e-01 3.335632501972624619e-01
1.607353510746686531e+00 2.305954723370965895e-02 1.438645514329393693e+00
9.693204690762367015e-01 1.095865248391060032e+00 8.141561337159558542e-01
1.032865867248000002e+00 1.145687236065396242e+00 6.977410850130324471e-01
1.264822864118782197e+00 5.318028462842018245e-01 8.200061830939303631e-01
1.455141660333138187e+00 9.687357069577006152e-01 6.198068933097092836e-01
4.476087311903380050e-01 1.308153419384530780e+00 1.199565197950561046e+00
6.979650488219666382e-01 1.190003630912523924e+00 1.104604914390679760e+00
1.688249967478923752e+00 7.874340397314755213e-01 9.770679063491991556e-01
1.184707499478480308e+00 1.151695438045844400e+00 1.004983970866758058e+00
7.903014715270708646e-01 1.669177954443928691e+00 1.147058029586552674e+00
1.124619029412047500e+00 8.741439256793103185e-01 1.013896934762195778e+00
1.334444744700896246e+00 8.645965911804452952e-01 1.117291684085109038e+00
7.213700239551811277e-01 1.214105961736224870e+00 6.587598233635765244e-01
4.702477382242391535e-01 1.351982554789436186e+00 1.329394985956797948e+00
9.501163610918625935e-01 1.090296825415096649e+00 7.955468950279755980e-01
1.146828036968849496e+00 1.290677118238282350e+00 9.295723095862350460e-01
9.544979916225664329e-01 1.287706702701576500e+00 1.332349299084382377e+00
7.702641666476027771e-01 1.980786167360021999e+00 9.492371555340779476e-01
9.084507808415311914e-01 5.330625467491222347e-01 6.793752655954390374e-01
9.912974731518553462e-01 1.313240108271852113e+00 6.869602469659232824e-01
9.212554421183480891e-01 1.035590204792407709e+00 1.267935652686901005e+00
6.529321044555342901e-01 1.047137442318287315e+00 9.414205655016377738e-01
1.195920117966067231e+00 8.186449328941690640e-01 9.151305000252855093e-01
1.451483305926898559e+00 1.072940565078325248e+00 1.019286006933940447e+00
9.601799993325430549e-01 1.204738393929889462e+00 1.305318760253357357e+00
1.186424775101565521e+00 6.518765500452606831e-01 6.041667597411988222e-01
1.191031362761342249e+00 1.290010916104554761e+00 8.061321564288915775e-01
6.973572022817776661e-01 8.300271593017891636e-01 1.329391075017384516e+00
9.047018931181973755e-01 6.255212269282498516e-01 1.460042394972447921e+00
1.562165396807394080e+00 1.624132176011064743e+00 6.439151326207915860e-01
1.322519712516947887e+00 3.963014309115382994e-01 9.885618479441213857e-01
1.731375351462299816e+00 2.404590941971597451e-01 8.599427296937710574e-01
8.710734735006523399e-01 1.482962575128242033e+00 6.837294273811413969e-01
1.207021766479077884e+00 8.129929930276271755e-01 5.054644885856849346e-01
1.089855122977678947e+00 8.359845597997549449e-01 9.280089886473233962e-01
1.014935549571369444e+00 9.069601065680829022e-01 1.042570156761977618e+00
9.128021772030814329e-01 8.993897756144185740e-01 1.746789119110033983e+00
1.312798085283994665e+00 1.299147626103033470e+00 4.773688304994123111e-01
7.830047324558992994e-01 9.195070795819094700e-01 1.147302420509057619e+00
1.348061087758883003e+00 8.509677347607366160e-01 1.550028516514437404e+00
9.292480684170912886e-01 9.476643231051553595e-01 7.482993881293947824e-01
4.984468986052119077e-01 1.300319643798219627e+00 1.021749302061304654e+00
1.211256200044826148e+00 7.335817442057028792e-01 7.476064126177096592e-01
1.472669488875682386e+00 7.281221989214042845e-01 7.783310529945627332e-01
1.383349494620852882e+00 1.023700094243068293e+00 9.552150565096341195e-01
1.785894715009626932e+00 4.686245051415122709e-01 6.136408558948963643e-01
8.513916195789368313e-01 1.103511418252423271e+00 4.648232271323107234e-01
1.343211132053374390e+00 4.134356821777240842e-01 1.269923941538444012e+00
1.036323176609744712e+00 8.338804485085076212e-01 1.242096495125145417e+00
1.143757800248780043e+00 8.521994586244759917e-01 6.958911028092239492e-01
8.320857659919353999e-01 1.127334009206509835e+00 1.210089214138519775e+00
1.104826004571161757e+00 7.339002853399079207e-01 8.645453930754269933e-01
1.041684963471566139e+00 1.632576229285348735e+00 3.507278749855456401e-01
6.701147712024611014e-01 9.750699388051190519e-01 5.434637304439853267e-01
1.576825183480175641e+00 1.153415410819297549e+00 3.427511613994171924e-01
1.052282948509352556e+00 1.044142758276175753e+00 4.609057034848463297e-01
1.505667893643046096e+00 9.841007207368112075e-01 1.170989895774576128e+00
1.092977327617246974e+00 9.148838876573450740e-01 1.427398657745199584e+00
1.349442609372375479e+00 9.442712225767333489e-01 7.879649479454262639e-01
1.078340503796791028e+00 4.130292792274206648e-01 1.355473374645543627e+00
8.475486698012530962e-01 4.063091752567297155e-01 1.782747105490281925e+00
8.551888425519265091e-01 1.204249144289702755e+00 1.274576700339814295e+00
9.720424404764540505e-01 1.231351473495699400e+00 7.548117214368760264e-01
1.047960906639261003e+00 9.087927731173417456e-01 1.215072687049285838e+00
1.670804604716129571e+00 1.843499880782943634e-01 1.637018491640174211e+00
1.185741726421028069e-01 1.751497567303511804e+00 8.802682756077669923e-01
1.111737372560912540e+00 7.380026506496365490e-01 1.465673222913127294e+00
1.066610028439871183e+00 9.377624153411066033e-01 1.086393060251942044e+00
8.382752728481173143e-01 1.655353819791728798e+00 6.222792436067271504e-01
1.290073082271360416e+00 1.012977081602911777e+00 6.305463850109935819e-01
9.272161379815112570e-01 8.963110414109926039e-01 1.134825983337748534e+00
1.014347238366620996e+00 8.508695939115642481e-01 1.074454695076231481e+00
1.527643007725735691e+00 8.622595284183742770e-01 3.061170207664713483e-01
9.046007727810743138e-01 5.524473589065369561e-01 1.194299739595105159e+00
9.927797912000868585e-01 8.750243063545495303e-01 8.949658055155971237e-01
1.157742843850804393e+00 8.012306757763475451e-01 9.079294803009074766e-01
5.210889078450822165e-01 1.373145004426023608e+00 7.884870544125225367e-01
4.180656359811784489e-02 1.727183893470678688e+00 1.026497523356993513e+00
9.930075981604598034e-01 7.607421704094173842e-01 1.245163840556811952e+00
1.119102226683551304e+00 1.264035667432672705e+00 1.326529522961851004e+00
1.627210025678938132e+00 5.574768549380751947e-01 6.413195175325097086e-01
1.637145640349714659e+00 8.119236235095903531e-01 1.007464872760458263e+00
5.344480279061883943e-01 1.000099828353759657e+00 1.478252403754587885e+00
1.218129663515677530e+00 1.547358204632307999e+00 4.674169667540992168e-01
1.169625640531887223e+00 1.004898055531564083e+00 5.910025598945014558e-01
1.569582257380583101e+00 3.541772824160517863e-01 1.067118203853909320e+00
5.442503195986903020e-01 1.345755498230336356e+00 3.658112276790601580e-01
7.654910208202476696e-01 1.276197028030537250e+00 1.136257568149669162e+00
1.091039797606279782e+00 9.799356245370578478e-01 9.930956033316347131e-01
1.490976322110640906e+00 7.330097582915117149e-01 2.719661885976432103e-01
5.301015131636446220e-01 8.374577104869023181e-01 6.420967299789098748e-01
1.242607934719579754e+00 1.370992450306291799e+00 7.485836505203163904e-01
7.580502703409335297e-01 1.281628184450277708e+00 8.645603343160493948e-01
1.379950133983966598e+00 9.906175545095566859e-01 3.202196278468900092e-01
1.007648439187517120e+00 9.172665378694263572e-01 9.396964945980563755e-01
1.028436338577628950e+00 8.665702418267577922e-01 1.010688886945052545e+00
5.316772689770041804e-01 1.645085350102825084e+00 7.470143775917028606e-01
9.370854907740010509e-01 8.232518721219154179e-01 1.278073067360519621e+00
1.012115601772912710e+00 1.684289752373995031e+00 4.012767589469474205e-01
1.126862334027236567e+00 1.570512255739805907e+00 6.252167083423945115e-01
5.161064181218542046e-01 1.812040873085805304e+00 9.473277931833519183e-01
1.099101624639696961e+00 8.439038338472978351e-01 1.226293539558956258e+00
1.340771932864417149e-01 2.270802825152586024e+00 8.652764108366175488e-01
9.875281749084116045e-01 1.309741203620318206e+00 6.311294381622536420e-01
6.123127269032352382e-01 1.723433672988505805e+00 1.002609275574176451e+00
1.367610775188521144e+00 8.049948813916170121e-01 1.049766325456388039e+00
8.289083307615335849e-01 7.006521649356542980e-01 1.649599718960105266e+00
6.562133423773290897e-01 9.976258051244305536e-01 1.351166182705921370e+00
1.150861736569076532e+00 1.108573638739732248e+00 1.066856848137123670e+00
1.379443510062449363e+00 5.443895145568556915e-01 6.330807246097526209e-01
1.301495317796956153e+00 1.587857219223555827e+00 9.074719282360048378e-02
1.211987489480941260e+00 1.182956044631955583e+00 9.693087874085156708e-01
1.028953763813243327e+00 9.048692032084356685e-01 9.163764428620266855e-01
1.111453495081252241e+00 9.156791093711704743e-01 1.087182020383610670e+00
1.040579309244916706e+00 8.015473118128298990e-01 1.114118925522087800e+00
3.720817719582892869e-01 1.340776049108638901e+00 9.363348586175954669e-01
8.848644377383984017e-01 9.987841640676262678e-01 7.282563135053832237e-01
1.489896046134411511e+00 1.586770591639204087e+00 6.066973791635689173e-01
7.315547545940053187e-01 1.362372680018584692e+00 8.815345781270003123e-01
1.020517868495916636e+00 1.047327784370405412e+00 5.464011891109220587e-01
1.268962321850803709e+00 9.668168585786335312e-01 6.699500008002121643e-01
8.666317464602641962e-01 1.441295508318941376e+00 6.400678520403910721e-01
3.068906467009988592e-01 1.583933125684596988e+00 8.053802497928268522e-01
7.725735094810266546e-01 1.042262442850437676e+00 5.466751197857233624e-01
7.808556966903267282e-01 1.051559347732971883e+00 4.734615878305638570e-01
8.575293104245775844e-01 9.826663967144884104e-01 1.070694677327602706e+00
6.651388371532457322e-01 1.287105657708396356e+00 1.477715312898596256e+00
8.910628520748460346e-01 1.103549403468609524e+00 4.927949797690709399e-01
6.424654332194996709e-01 6.194010776753600123e-01 7.440760823848282524e-01
1.359020072022560921e+00 1.035158209626603432e+00 7.852005180916538096e-01
9.466458170257344706e-01 1.219209964404318391e+00 1.168356376707103461e+00
1.337186068382706150e+00 8.832844489885530725e-01 7.830275270991289283e-01
6.695731934564658205e-01 1.328485325585471388e+00 1.049613734580531421e+00
1.628082467204316375e+00 6.042101629663994000e-01 5.863238432296538072e-01
1.079905566369704584e+00 1.015712065419105414e+00 8.756133823123394277e-01
1.330457105504465165e+00 5.041845846283258270e-01 9.764869673627564195e-01
1.005867706768764469e+00 1.436310572218054027e+00 5.008641644908262691e-01
7.468341304567865935e-01 8.552501468871712698e-01 9.047454423032720294e-01
7.110678022455518832e-01 1.004277598119247106e+00 8.617101682546116637e-01
8.534759297780306619e-01 8.079389347872136806e-01 5.041136875377041360e-01
1.066939988928565564e+00 1.896254718345409040e+00 3.643411426707463541e-01
9.720327924199355651e-01 1.041575498370584052e+00 5.477379041909503643e-01
7.171739729496854343e-01 7.791189273907911383e-01 1.520509684638168713e+00
1.034036173739183440e+00 8.555515591007206710e-01 1.178095049727994725e+00
8.864673183877105345e-01 1.792606878308643070e+00 5.698377536430440093e-01
1.445650661452044794e+00 5.388507875613818277e-01 1.063519455567929484e+00
1.297410187676452331e+00 1.104964904613435994e+00 2.051020908430105649e+00
1.253964078447721509e+00 5.962194376363754156e-01 9.358258992347863181e-01
7.652705153871096622e-01 9.438436374680608809e-01 1.071333267983545223e+00
8.272020964972044421e-01 1.116815070134006493e+00 1.158327414521699961e+00
9.468622267717206054e-01 8.355198781053564394e-01 1.456595676045991716e+00
1.397597210331531059e+00 8.694440285452682549e-01 8.247107206114894229e-01
1.253526925979154827e+00 7.749236358957755089e-01 1.613828490850137909e+00
8.725966278685853839e-01 9.217940745274776360e-01 1.188518906751141468e+00
1.090905356103333057e+00 1.046395255522801104e+00 9.748974942375734365e-01
7.295764580821645362e-01 8.744591694985561769e-01 1.102948766535180258e+00
1.071833241015019311e+00 1.054761020117775727e+00 9.969708212175283357e-01
1.332406428156107214e+00 1.499702438718613751e+00 1.270915474724641392e+00
1.130488297307085777e+00 1.315680342412866022e+00 8.714076139165444213e-01
7.100505755496293592e-01 1.424233890180514273e+00 1.314256171860419098e+00
6.163267875869857804e-01 9.086751759404672057e-01 1.478800146073939281e+00
1.014001218837580653e+00 1.112328905427775627e+00 7.571874874886288520e-01
1.302076282323343825e+00 7.022105818810231437e-01 1.348960132156422187e+00
9.593076582597729329e-01 1.036379800749784197e+00 7.881566174181181550e-01
7.877617713381571685e-01 1.772641654219813123e+00 4.259328506580820628e-01
1.279644228292003971e+00 1.250417264098858672e+00 7.395662150387795064e-01
1.090404694155745702e+00 1.508012032486605980e+00 1.064438283937871210e+00
7.102290537706456020e-01 8.483533747381823975e-01 1.193098177601695120e+00
7.676035610444366108e-01 7.507779165260421994e-01 1.322285312146816105e+00
7.232456871851746794e-01 1.017756044564969153e+00 8.555300153716611788e-01
1.857199963582448543e+00 4.584586558724240701e-01 1.029990211799832966e+00
1.134131557836244975e+00 6.725398694653870191e-01 1.360806093032391750e+00
9.312608083309711349e-01 1.068862145360656157e+00 8.305330486831526970e-01
7.255755882197766349e-01 1.956123921388918108e+00 1.003009997973696166e+00
8.914274853120276454e-01 1.102127585439799828e+00 1.103409365042533841e+00
8.254444251933071852e-01 1.199041634474971252e+00 8.245473985088884739e-01
1.255714224931430589e+00 1.238908082712362191e+00 6.395786743870569557e-01
9.491466553005204476e-01 1.194807572552424091e+00 1.174370156024504341e+00
8.302267468019751684e-01 1.378850345497085961e+00 9.588503548766137419e-01
7.484765287072853157e-01 1.572176480693844303e+00 2.742781976728634885e-01
1.165689820202840732e+00 9.873618761677998013e-01 8.065926056856758120e-01
1.206839950081760815e+00 1.042238998377117420e+00 8.615786609675609720e-01
1.033977368561954435e+00 8.782403070363750119e-01 1.700624208937715487e+00
1.180570758941825726e+00 9.343577856576429363e-01 8.588591876476259213e-01
9.408709164193965746e-01 7.045550657302094288e-01 8.993052438411440752e-01
8.121109246868790654e-01 1.420660730649125902e+00 9.178443569818974801e-01
1.301510102493828702e+00 9.348661244622630262e-01 7.111964072061036646e-01
4.873201145544034940e-01 1.332263623287111898e+00 1.406531274022440936e+00
2.978423948577493818e-01 9.295639702349237643e-01 8.407109050424841357e-01
1.149543624536621511e+00 1.157815698695889850e+00 5.591516076740651320e-01
3.307220025723336398e-01 2.920709434102380375e-01 1.344486794419674336e+00
2.604186314942517622e-01 5.921098999109722927e-01 1.684905718193369983e+00
6.192186132372324847e-01 1.609825571527082166e+00 1.031829630024362343e+00
4.331828643805214485e-01 7.041158166355662162e-01 1.676960677178996661e+00
1.972146956289628772e-01 8.860442182750134510e-01 1.316620504755541488e+00
1.193785997282978961e+00 7.865478461794538356e-01 5.178888039594427006e-01
1.181405721071545400e+00 7.902911178484469668e-01 8.752699222601841855e-01
1.424631777872625626e+00 6.220029892596492527e-01 7.883154842555252229e-01
1.051991678124313490e+00 1.381088292707359555e+00 7.142117908410401395e-01
7.688356445053603494e-01 4.363506712850073743e-01 1.207868214831965936e+00
1.123335137764050806e+00 6.842234604274732845e-01 1.319083279681562360e+00
1.275499429881766122e+00 1.264873212509695533e+00 4.856834500901597851e-01
1.040737918153743502e+00 1.069867143355734962e+00 8.171638387218955746e-01
1.274840141211049938e+00 9.801349798121664625e-01 7.550552264205070419e-01
1.232752519566568727e+00 2.647388623040117794e-01 9.130790994651482029e-01
1.050915440718909633e+00 9.582320399451684789e-01 8.659393342501979784e-01
9.714629211157133071e-01 1.220709359213306477e+00 1.278050911894579311e+00
5.406618838851519060e-01 1.021588088970804664e+00 1.135840151836848611e+00
1.022834862264932143e+00 3.240220674237091480e-01 1.578248545294752558e+00
5.713065804883823429e-01 7.604636607813889393e-01 1.485683349374465889e+00
1.704665049106524277e+00 5.500666047327551489e-01 7.448845531930892161e-01
3.379982422123165575e-01 1.561691003117159804e+00 1.258023093155153926e+00
9.383718766630539942e-01 1.007014575707981585e+00 9.533682999497132826e-01
8.559070046334917858e-01 1.255611452972761111e+00 1.279830385362556999e+00
1.022938761010135256e+00 1.014426238065282870e+00 6.994967499706180591e-01
1.458343978114298611e+00 3.876259317033726309e-02 1.209893693250459368e+00
1.703211364414162432e+00 7.036763357544867370e-01 1.284895076063045982e+00
8.852428250949648803e-01 1.064825913126264734e+00 1.118399120085061815e+00
9.203742244714444576e-01 8.248827702446914767e-01 5.952061758216637966e-01
1.248567278454241647e+00 1.190608455652436115e+00 6.830522608093138048e-01
4.927514878541797705e-01 1.345681069697026944e+00 9.924630412346848729e-01
6.004909733650722892e-01 8.626742328417352779e-01 8.588308082766272777e-01
1.341293874317240897e+00 3.286621971448639989e-01 1.354718874252791805e+00
1.096379785547631602e+00 1.361494637821947906e+00 8.348058845052623855e-01
1.333859816828734113e+00 8.603559853060590568e-01 7.934626986012722760e-01
7.409838979637651812e-01 9.118561121836361583e-01 1.054871774901000370e+00
1.083691829877077462e+00 1.348687273205637638e+00 8.521854406051856401e-01
1.270566348383409316e+00 9.115107624163324429e-01 8.112092614752255404e-01
1.078226770085156216e+00 1.621563775412197428e+00 1.310680495105846166e+00
1.035229384557326604e+00 1.106703600719798342e+00 1.461632026085033953e+00
1.128121166810913012e+00 1.165425265794961085e+00 1.526299601600085820e+00
1.105724776845639745e+00 5.409423085115114826e-01 1.060607543882539083e+00
8.804344795744059038e-01 1.083455856014055918e+00 7.703542764255008057e-01
5.419129020125430518e-01 1.293283509579363111e+00 7.149243960020915667e-01
1.469336327923024266e+00 2.852093090272868059e-01 1.236181213462930417e+00
7.500248889318125167e-01 1.745740357003084942e+00 2.587322263100877984e-01
1.225590365486065592e+00 1.030188933586149380e+00 1.002577970036306665e+00
1.177840410191030474e+00 8.256280317585777961e-01 1.369434235867897032e+00
9.450454321092622845e-01 9.285102201410682099e-01 8.895484457895007635e-01
9.633389250914258239e-01 1.193925115546991211e+00 1.194020108323609053e+00
1.170184409276684212e+00 9.919428952904053576e-01 8.991720453748974773e-01
1.419957912478685635e+00 6.460112768190463539e-01 6.373151579905282915e-01
4.366306189984303643e-01 4.022591460164984811e-01 1.638597423448487689e+00
4.837101415600573717e-01 6.654486349068331474e-01 1.853484840288535329e+00
1.384028540958650799e+00 5.257715654089089030e-01 9.046617922165655079e-01
6.048717335451654353e-01 1.087971982067889920e+00 1.189581948777245435e+00
1.119377019816031993e+00 6.873313914170583461e-01 1.225336239936887450e+00
8.740595984377927952e-01 1.174583475267598764e+00 1.085220155418928467e+00
1.218817334409780129e+00 1.362633393630138468e+00 3.657386280248310362e-01
7.109353261391490042e-01 1.049738219330454747e+00 1.358594518521603733e+00
1.591156382454403495e+00 5.492589253423162399e-01 1.738720182521477975e+00
7.645849964884272598e-01 1.122318935618621838e+00 7.822810189141281567e-01
9.257898327334297406e-01 1.333531144357380072e+00 8.402484767900451068e-01
1.353655430530275261e+00 1.259424597993113126e+00 4.822809763157203111e-01
2.325971353061844216e-01 1.860665943184118820e+00 1.104444527441478918e+00
1.296947390188551763e+00 1.365288179170602634e+00 1.321482961375179954e+00
1.231318011717750238e+00 1.300210229156359532e+00 6.137123133882435022e-01
3.565920281049075324e-01 1.240085222940251031e+00 1.120555484918934530e+00
5.548612980170950504e-01 1.892268980022777658e+00 4.963159764699935916e-01
1.222045095560748029e+00 1.250529252774146949e+00 8.220569262067195515e-01
9.400116976713940309e-01 9.227752390005872218e-01 1.004245328724503228e+00
1.293854568365129909e+00 1.057746136403640014e+00 8.252387128322469234e-01
9.122750371800185665e-01 8.631006241897944964e-01 1.011392676654591316e+00
1.028050470605597067e+00 8.996889054802057473e-01 8.431486499476451568e-01
4.283497922055964913e-01 3.042155184736776152e-01 1.848547796523678510e+00
7.947866448396242456e-01 1.005336401005885172e+00 7.901773693055872405e-01
1.050574799016540162e+00 9.286255079793362954e-01 7.987951041670673380e-01
1.084196040882857037e+00 8.022632083993770369e-01 8.767126034005253699e-01
1.273830560707261306e+00 1.346611233995062218e+00 2.941172183591210798e-01
1.311285653909604054e+00 8.819180539184914291e-01 1.258445518075999470e+00
3.634781499894977341e-01 1.978971985823499313e+00 6.683200217088273165e-01
8.706995636929156790e-01 1.420982232313345861e+00 9.724444283127914312e-01
1.080223677096795010e+00 9.278431585394573133e-01 1.067592946291245015e+00
8.753305908923751932e-01 1.497739597442017789e+00 8.386043159291006743e-01
1.162942351025641363e+00 4.527694705268703323e-01 5.333086831429738606e-01
1.077946646254428487e+00 4.563090953522777604e-01 5.626732936803108265e-01
1.669180938970950656e+00 1.411518774614333616e+00 2.133110760791368798e-01
1.394321186597729634e+00 9.729300918030123757e-01 1.099506421155650671e+00
1.053476004278497413e+00 8.376735354737547823e-01 1.679359099507041986e+00
1.001187766538199408e+00 1.180124483925962586e+00 1.724125292130210374e+00
6.108085749636622541e-01 1.143019159819761432e+00 1.337382456128093144e+00
1.752360211749291574e+00 7.570219465092843381e-01 1.159456224740716301e+00
1.141336091094989680e+00 1.071666758564941979e+00 1.031437395190793360e+00
1.144776931771037010e+00 1.020740502493427737e+00 1.102216288716436177e+00
8.998440161234750878e-01 1.446770719460711119e+00 1.595836999391359479e+00
1.300076509629444210e+00 5.262146687819537760e-01 1.024203507672867275e+00
1.495870713101481897e+00 9.831071624552139010e-01 5.491386425557652773e-01
1.082546111723487137e+00 1.069258487024939752e+00 7.755986612076920528e-01
1.292833509941324621e+00 5.264132886765836572e-01 1.680303916155940991e+00
8.353901007548842905e-01 1.187718481265837456e+00 6.787546061890864513e-01
9.772709238121440878e-01 6.979498534409018795e-01 8.398285491598129759e-01
1.200468561279369961e+00 1.237365844146975036e+00 5.944731927347253198e-01
8.844630757867776305e-01 1.190460498654341226e+00 8.666772485547304949e-01
1.519779596214658968e+00 2.165600760645611245e-01 1.305259636764339648e+00
1.134892209269255936e+00 7.749771394592362972e-01 6.403649244940657903e-01
1.225639540523489446e+00 1.326620398652848198e+00 6.586304544738433853e-01
1.270658152383658868e+00 7.336889756241380400e-01 7.961227755356133917e-01
6.822057793138570636e-01 1.195822615136757694e+00 1.042436006707812224e+00
9.621381555229949756e-01 1.445624902759698127e+00 1.466132105399381436e-01
1.858977321009695372e+00 1.044602226593488670e+00 8.243318004692620216e-01
1.318852523717636283e+00 9.046644689207079537e-01 5.770275838498527543e-01
1.155029780587700561e+00 1.034716866486152576e+00 1.873708712191921588e-01
1.756678381023854429e+00 7.906664369172874407e-01 1.383719786547477737e+00
1.129885198409690539e-01 1.679131422830386855e+00 9.687601483329827401e-01
1.185194768374011387e+00 1.294457682239644747e+00 7.534475982974612185e-01
1.235197960265047801e+00 7.451671681820903892e-01 7.392103519620093488e-01
1.004344405465181111e+00 1.216886349792128064e+00 9.827774222625574874e-01
1.141590386980064098e+00 9.125619077122503198e-01 8.374999113433660991e-01
7.585703635552089041e-01 1.174669344815927108e+00 9.362050106151127427e-01
5.787967953205875871e-01 6.482303629738499495e-01 1.448044084718699498e+00
7.667730734891475830e-01 6.859555735195680404e-01 1.176998629390761497e+00
9.850073898887258261e-01 1.276253605745004016e+00 7.486551549648634563e-01
1.388848468111369749e+00 7.541835515528372280e-01 1.276055697403915890e+00
1.084980370349951206e+00 1.331505124624189351e+00 4.696603286635929742e-01
8.535080611149616914e-01 1.294844937740905699e+00 9.807401731092797448e-01
5.585371762956899966e-01 1.389986102526524991e+00 6.580561549216731310e-01
8.405424036297400869e-01 1.011426764037110626e+00 1.106665863752852363e+00
7.363430971600162245e-01 9.333526134607641467e-01 4.420157614138455204e-01
5.351396254380821338e-01 7.029195938465797600e-01 1.093569251620718275e+00
9.487508682737785248e-01 5.478723925112289894e-01 1.864619174792951473e+00
6.573265034465989309e-01 1.125596640523350622e+00 1.107400583061956212e+00
9.458860546266868452e-01 1.900919122554927787e+00 7.390010849992517672e-01
1.153923138833466977e+00 1.144173600969249582e+00 8.347535103136474177e-01
5.018413035039555048e-01 5.496396285811788740e-01 7.588971299037681195e-01
1.121054839534706637e+00 9.169815114414040513e-01 7.058096193858600653e-01
5.959220140008030242e-01 2.047284086275887316e-01 1.277012170289002935e+00
1.525929848729675076e+00 6.734659596006131732e-01 8.381252083019006260e-01
1.207909564082635834e+00 5.358312834658345292e-01 1.493236142927115040e+00
8.472851333313242694e-01 1.154278313213227714e+00 1.032529948599596459e+00
7.165277008657965352e-01 7.301123550524952766e-01 9.643121294528956833e-01
7.698254862627376127e-01 8.678184014945709013e-01 1.007547593088861104e+00
1.494608570900672229e+00 1.037316498436265499e+00 6.559759535028086841e-01
7.185998375034428065e-01 1.180862721579003738e+00 1.221839197101988406e+00
1.231197993994583628e+00 6.091834347497986357e-01 1.079940893463331220e+00
9.148756399054585042e-01 1.096442067825299072e+00 1.137975158093340156e+00
1.016632526718802554e-01 5.426254535707785154e-01 1.945658162291563409e+00
1.401784265751597092e+00 1.526540489363383601e+00 4.590983059073583950e-01
1.353222624105777872e+00 9.350494744424832083e-01 1.010092832816633646e+00
5.827430570348902661e-01 1.373977583764912636e+00 9.020338619615898557e-01
8.670152670289578145e-01 1.224165319719181744e+00 8.166738696519553198e-01
1.216003156384314776e+00 8.687811437651532520e-01 1.034978291133242134e+00
1.283952676190002640e+00 6.775494234251299153e-01 1.054804244741522457e+00
6.532814467461629526e-01 1.960340557923262006e+00 8.248997978175235390e-01
1.412569760754216253e+00 8.079563936634048815e-01 7.843792302285674811e-01
1.092603434362106496e+00 6.721200395578524889e-01 1.126176098688115079e+00
1.223640951039831393e+00 1.396047612382270264e+00 6.841477574703065390e-01
1.051032579060764194e+00 8.285931535485734356e-01 7.857076279624107817e-01
3.841439680138293289e-01 9.226481474808794214e-01 2.043233194525274854e+00
5.111547446577902054e-01 1.282074602549484910e+00 2.224521726637367802e+00
1.282688335266890245e-01 1.627531842022998054e+00 1.349618084616593494e+00
1.336582061090394680e+00 5.441543191434878857e-01 1.223230628117754515e+00
1.773745196863170559e+00 5.508612577209474059e-01 8.911076488630380599e-01
7.104312139093589273e-01 1.101650224238774012e+00 8.444257647322134241e-01
2.428002994934533865e-01 1.050959357067420497e+00 1.198823237575103784e+00
1.006553967166996078e+00 1.313355780746341406e+00 1.133126244704611985e+00
2.145833277619006996e+00 3.220268668279886448e-01 1.084585095486422235e+00
7.913709684450114246e-01 7.692039868328048868e-01 1.740085489154865606e+00
2.903523391409845167e-01 1.189401411956489962e+00 1.251069363189427186e+00
1.124208881471853383e+00 7.344380858478407603e-01 1.135428826090110199e+00
1.157367658475486394e+00 1.184252743240300276e+00 1.825996981618035198e-01
1.083747759780494535e+00 1.069880680296660724e+00 1.056481828535760004e+00
7.409941410544322871e-01 1.209993944100796304e+00 1.031505992965227492e+00
7.119345790754277870e-01 6.715300421681500431e-01 8.006393934871670615e-01
