1.105968629203367026e+00 1.033376499632729484e+00 9.950162376435610634e-01
9.013700761779106507e-01 1.335617515897646879e+00 8.526500844993338823e-01
1.115078087751302682e+00 1.039702624943115161e+00 1.078639730711439038e+00
1.097771915121633413e+00 1.310630121618968857e+00 8.661062679878945847e-01
1.465490653039743352e+00 3.330100529535697240e-01 1.504026017639860768e+00
9.581082706922232628e-01 8.127389169983731954e-01 7.040075266626860673e-01
8.046985741318677388e-01 8.213521505195267025e-01 9.937271792161965767e-01
4.842104916092587197e-01 8.660759689102479619e-01 1.650589653119366007e+00
7.951423475063623680e-01 1.211755125867152616e+00 6.261538022924503233e-01
7.895370915194431793e-01 7.277058345387795724e-01 1.249532940172499496e+00
4.844711128078042495e-01 1.347300121801579653e+00 9.871422709909497550e-01
9.499118969802288204e-01 1.243552915011815418e+00 1.085083116358356969e+00
1.035084890609666797e+00 1.077566299624789670e+00 1.008457237309527077e+00
6.733998141665534787e-01 1.745303042635551583e+00 7.195791922335591506e-01
9.255987056765209164e-01 1.745709513519528411e+00 4.100146961044311422e-01
4.947726103511904672e-01 1.114839711677195755e+00 1.411553145965718681e+00
8.943025405018356633e-01 9.321352175559042275e-01 7.911198343824655810e-01
1.094839001735609774e+00 1.134647765410167652e+00 1.055412064789578830e+00
9.320905581904569415e-01 1.251209774938158548e+00 1.080877322585903411e+00
9.992692517082840675e-01 9.779581409575166528e-01 1.301812370683314679e+00
1.003056283413077843e+00 1.007171636835161088e+00 1.096091973562286048e+00
1.193803978727874249e+00 1.103803294298201676e+00 7.765259848732330994e-01
1.019161712644122364e+00 9.628840706730459331e-01 9.295094762703077773e-01
1.027493853807939228e+00 7.213532900623524924e-01 1.301340586003359556e+00
8.854212520297872757e-01 9.928359928553237568e-01 9.644837188655893678e-01
1.152331441639744103e+00 9.497831262601458269e-01 1.138909050813557533e+00
1.447315814552910362e+00 1.312329450410761433e+00 1.651332410888796398e-02
9.781144644881016870e-01 1.392922821947461420e+00 6.411496083229087928e-01
9.424853927321114044e-01 1.075096704292174632e+00 1.151300339235274972e+00
1.109813693189399375e+00 1.219077177916458643e+00 1.026419791193185382e+00
1.343367496072256584e+00 8.031731578196209531e-01 9.649813759055669848e-01
9.444535189705659528e-01 8.504669755687295218e-01 9.134377469322544352e-01
1.102709757733853602e+00 9.833482837965423773e-01 1.088567286122922972e+00
1.207034649078546407e+00 7.886010087654594658e-01 1.022761448448251453e+00
6.431144762888778565e-01 1.268355755777919036e+00 2.062007404367398322e-01
1.013662331833248054e+00 8.628447434581905107e-01 9.656215744814762303e-01
7.065926007593412717e-01 7.462529767789923829e-01 2.781933724711331268e-01
3.608596432696133949e-01 1.223328271226804986e+00 1.118215068083266983e+00
8.361474743630600281e-01 7.990540037357242165e-01 9.763218659098059637e-01
9.081711998553394505e-01 1.145608011721267472e+00 1.052971183698243607e+00
1.015315275667934891e+00 1.009260994184402849e+00 6.694277524404367297e-01
3.988538731329955289e-01 1.029795430359124575e+00 1.286872932847070716e+00
4.878664663883980901e-01 9.501966711250693365e-01 1.532851316161373934e+00
9.139786145361903369e-01 2.655987508024711397e-01 1.129688470541814427e+00
8.673218884265705420e-01 9.581656409708582123e-01 1.169755074042711396e+00
4.027901918068413911e-01 1.065676985328474879e+00 1.040692566725280654e+00
9.976688707086346364e-01 1.118865711377294847e+00 1.172930504526816131e+00
1.202887501439787954e+00 1.089768341295979326e+00 9.998443824809344349e-01
1.005450636773990603e+00 1.041897578249844525e+00 1.025146525714849988e+00
6.141286826185426984e-01 9.352615623724692684e-01 1.246090460728742855e+00
1.038023039889830024e+00 5.370972665232301990e-01 1.227630958154315666e+00
7.139451516104010631e-01 9.212142482614184003e-01 9.733277715358553683e-01
1.080847663687146021e+00 1.353419985875329967e+00 1.253863383598834647e+00
8.042812317584604465e-01 1.238664817231189152e+00 1.023324020553480596e+00
6.749268361480419420e-01 9.239032345672397728e-01 9.206060641680484657e-01
1.255866406981283490e+00 1.149874644407521629e+00 9.243867960660357985e-01
1.366283614021982062e+00 5.742829817907105783e-01 1.149068180513397319e+00
8.610065222632082849e-01 9.074702800659337765e-01 9.408110960190907424e-01
6.393521700223773196e-01 1.536348664773344641e+00 1.403831080059489422e-01
9.847545501411628655e-01 1.405677472421481555e+00 9.442873647353773325e-01
1.027042298423556321e+00 7.380903324127918719e-01 1.335465994031246550e+00
7.859240567584552251e-01 8.609399273002604769e-01 1.014567142407339251e+00
1.081589761792286497e+00 1.187550498622959472e+00 7.914451453120258106e-01
9.580641173692274748e-01 7.549913386419139227e-01 1.002059177717336436e+00
5.270597791901043827e-01 1.064217249204953530e+00 1.248377474603376225e+00
8.293460755268230455e-01 1.157095194614314204e+00 1.006497105247676105e+00
5.392533254544208399e-01 1.649448806131691425e+00 1.054393536962828559e+00
6.675660447147305776e-01 1.519259796664214734e+00 1.062728269093785149e+00
7.801649226049625074e-01 7.467728008201693912e-01 1.110807647566620204e+00
1.227051704146531419e+00 1.294074783709499243e+00 6.556873720324237764e-01
8.413030067653143318e-01 1.090453664088190333e+00 9.631648349335386605e-01
9.274390735380204642e-01 1.058432277500571450e+00 8.492552188779310951e-01
7.004148195225021745e-01 9.448852006912690227e-01 1.057780666830850258e+00
2.036778847774671219e-01 1.308081512012997383e+00 1.639999969431111371e+00
7.931717823220538754e-01 1.040270571075181394e+00 9.499635994563599972e-01
7.726815040048654604e-01 6.670199748539106244e-01 1.076982756455588719e+00
4.510586015608857302e-01 1.197248340754531348e+00 1.049634658423043154e+00
7.823135193336471227e-01 9.352928846582344580e-01 1.083905372395951305e+00
1.050138394755417925e+00 9.573206761714945223e-01 9.307619892826133334e-01
7.753142054213475465e-01 1.065681992490433716e+00 1.036433767690859709e+00
8.395690402790404461e-01 7.792714456139984147e-01 1.265339173258636762e+00
1.077440146319843750e+00 1.157530274932104586e+00 5.720646144263715760e-01
9.100346740685656410e-01 7.443777835718654590e-01 1.005666802807901883e+00
8.559869839031370997e-01 7.783317208924034336e-01 9.998531469296015883e-01
9.320246107786700485e-01 8.392550807709872052e-01 1.046805388924668234e+00
9.460848635124591288e-01 1.057832786962702665e+00 9.199532563176852085e-01
9.935451918496059909e-01 1.166618484531341204e+00 6.167923775073208548e-01
1.169101847253343207e+00 1.079834112046552219e+00 1.307600462333692981e+00
1.208794373260701605e+00 7.765315758923926337e-01 1.349650929296607460e+00
7.566817861555791280e-01 1.228131136814393454e+00 1.205441569774228228e+00
1.012136640223063599e+00 9.989551711781615717e-01 8.789034162617773704e-01
4.494848236083514581e-01 8.940806182638459942e-01 1.706086643745880371e+00
7.983937042460006461e-01 1.203571648661570626e+00 1.451363226265061090e+00
9.215187977523571217e-01 9.850013255133743817e-01 6.822435208853262489e-01
1.748149730501380172e-01 1.030504912827333142e+00 1.340161159326530571e+00
9.564335569902258083e-01 1.190608300498693373e+00 9.809198679453133840e-01
1.220139446553724305e+00 6.319902420371831253e-01 9.714231530748217436e-01
1.315182558919329558e+00 1.693440221448993643e+00 6.082551839115905024e-01
7.506814796639749154e-01 1.147053845922505255e+00 1.026598930179247082e+00
5.606982288918973545e-01 4.887323659489646865e-01 4.376765388695070258e-01
1.142851665087933011e+00 1.024209973722200129e+00 9.900788287806758792e-01
1.268076535332650634e+00 1.160602951166639807e+00 8.150921066219368738e-01
1.066692071263123154e+00 8.115760199777505290e-01 8.475741133750523959e-01
7.914392479673053593e-01 8.707224178863972597e-01 1.179435914223019966e+00
8.579648987314149045e-01 7.928575597951329490e-01 9.987284336947036545e-01
9.852783845469964552e-01 3.581889259692823124e-01 1.172463453981830606e+00
8.681062959337542129e-01 1.491669095147732049e+00 1.444129126078324221e+00
8.016003627973599110e-01 9.107441215349847408e-01 1.673314209663971486e+00
1.004478746127460242e+00 1.125541526918456992e+00 1.095712883208635802e+00
1.531036961653835959e+00 1.388237770098078805e+00 6.797503624256319432e-02
5.992477392025212790e-01 8.723875468253105003e-01 1.054649643514601554e+00
7.134663446154450028e-01 1.097906206014662489e+00 5.272130465687576706e-01
9.278057990126254984e-01 7.229830059328296032e-01 1.135479449861246826e+00
1.228090812798424691e+00 1.036869327232832649e+00 9.870513696758500544e-01
7.861225903142718963e-01 1.233744626144904988e+00 9.343281432353544025e-01
9.810493043214660869e-01 1.264750883187527153e+00 1.206885642461387631e+00
8.871967697049729651e-01 1.229159639405109194e+00 1.114668375965932379e+00
9.445370348760573354e-01 9.867422289944035585e-01 8.319735508461473250e-01
7.809240731723526840e-01 8.718066746086474694e-01 9.112468930374404419e-01
5.201388974107334917e-01 8.306773621104319716e-01 1.529756282470893680e+00
8.695429602116716561e-01 1.044313733177748560e+00 8.520262918027500243e-01
6.495094429473905473e-01 1.308276769278368556e+00 1.075218215073157291e+00
6.879688125990037761e-01 9.601956167543373999e-01 1.367774327018464131e+00
8.881516508707868462e-01 9.843919471286882716e-01 8.157511221892123077e-01
2.431473674542300456e-01 1.491479652432580627e+00 1.494429330010214052e+00
1.036063479322740566e+00 1.013882222615800854e+00 9.203100013035570015e-01
1.249876769502224594e+00 1.404955994357028448e+00 7.988226781039665658e-01
6.260772014069911906e-01 7.138443244625669593e-01 9.224609401783654405e-01
6.013831099451837359e-01 1.114256381188968748e+00 1.132063685718383894e+00
1.119867571607295442e+00 1.200050789008016316e+00 1.385257387851607902e+00
1.035302024835877965e+00 1.160817578893841961e+00 9.342622021622267736e-01
1.106603688776792049e+00 8.178071141819649448e-01 9.590603546387906908e-01
1.103702681471495195e+00 9.101540014429916337e-01 1.060443492944354027e+00
1.556804069828226167e+00 8.473104567673889198e-01 1.258747628511508010e+00
4.331540363600093757e-01 6.427956992030487982e-01 1.038391533537509126e+00
6.688687861774318677e-02 1.357837474868106353e+00 1.212694930871512700e+00
1.125230197634047968e+00 1.035792109127414262e+00 1.007575627248001426e+00
9.363384796162469437e-01 1.127210316460424133e+00 9.278382415895533031e-01
7.430078623154057205e-01 1.291760374875765782e+00 6.823457524890408354e-01
9.473710985519884220e-01 1.279409761638026888e+00 7.959258318791858633e-01
1.389378875008382197e+00 8.253869201804954203e-01 6.388557485451403783e-01
9.021497223583628822e-01 9.382561567328526753e-01 1.158960661874412601e+00
6.632502660795791538e-01 9.353762164942661661e-01 9.192730224069562972e-01
6.995509277128574288e-01 8.117683351600833985e-01 1.295861959711488876e+00
2.393826835419972932e-01 1.151592605899902422e+00 1.387104128167533812e+00
5.582432601574893738e-01 1.337136866204796881e+00 1.303172645383051664e+00
1.313119899762520415e+00 9.531710774654220675e-01 8.341933767546014789e-01
8.467287614797107675e-01 1.029850480582846339e+00 1.149210101291442410e+00
1.655882538674013249e+00 7.668712297052846516e-01 1.129822253258162990e+00
1.435682107462435964e+00 8.730546921685995443e-01 7.059115984463002480e-01
7.492288829389702753e-01 1.133445957806489934e+00 1.137991182103181620e+00
7.357301760760770470e-01 1.443897579167006118e+00 1.154682098534137724e+00
8.690445533757609198e-01 1.106832271066422013e+00 1.149892719649751260e+00
1.228795338963397432e+00 5.718417124730348355e-01 1.479047255194847699e+00
8.946301259637912118e-01 1.098889986222004511e+00 1.128704294025461907e+00
1.120053208080237672e+00 1.048761462739770334e+00 9.912429159606388485e-01
6.528462640725868349e-01 1.363593523600723723e+00 1.279175778308360156e+00
8.731406797768612726e-01 1.202956603307456129e+00 8.306932896888560292e-01
8.229242024243087483e-01 9.684586979038554144e-01 1.124330908639626259e+00
8.858431780345271678e-01 1.132390981896648219e+00 9.013625248716142790e-01
1.008219176549477680e+00 9.629988353900331699e-01 8.841391922346466536e-01
1.071217710733254114e+00 1.094163188920755037e+00 1.167691056309597242e+00
9.569473521456938192e-01 1.083853297912914515e+00 1.022018224464052771e+00
8.256003326299562461e-01 1.058582458904796519e+00 1.011895720789548259e+00
1.759516054016990738e+00 7.621049587866179920e-01 1.370383220715131856e+00
1.203684124179322357e+00 6.190327291976974733e-01 1.316726982241151589e+00
7.296473983464628610e-01 9.418318445788735893e-01 8.771363220154463347e-01
1.270220054254255659e+00 1.041070267097256918e+00 6.805777396632652909e-01
3.712784413791850313e-01 6.471096203888822007e-01 7.904200486080162902e-01
1.319131269668029072e+00 5.916310613796440521e-01 1.017709655377710076e+00
8.284451796167938697e-01 8.522853922650805991e-01 1.194821480153569038e+00
7.061544254589117164e-01 5.214565812681011270e-01 1.010811638202738783e+00
1.681793994621180177e+00 1.064070940023435385e+00 1.766148953606137217e+00
8.192474447695589079e-01 1.119336369694691191e+00 1.259682442312128003e+00
8.728122035684063862e-01 1.024616712683449116e+00 1.182278245482109691e+00
4.418892387425409907e-01 8.868634624069345884e-01 1.633614704670769413e+00
6.489396765608075324e-01 9.460646443875341260e-01 9.158548201304100855e-01
8.415495150641368882e-01 1.342595055123994241e+00 8.022942896899670773e-01
1.024107508505516684e+00 9.282375434003296011e-01 1.035384582690766164e+00
7.858041559818504940e-01 1.141871488213140662e+00 1.157937694518026639e+00
6.601499455819657969e-02 1.737315249680978502e-01 2.101099406182100893e+00
1.021173987066859912e+00 1.595073430362150768e+00 6.575509953393021689e-02
1.077320348175713427e+00 8.553616104299361922e-01 1.056978687152230645e+00
1.113488654895852026e+00 9.741620158977056798e-01 8.435235353840322414e-01
1.293850314328791162e+00 1.478519263037243903e+00 4.792530178132548002e-01
1.093913705655998658e+00 1.454230210714518634e+00 5.616226942663042898e-01
1.092529273188174388e+00 7.876967450507498247e-01 3.988533602875770079e-01
7.632330785135292839e-01 1.110488722858615773e+00 1.155507549564401604e+00
5.735205421541382798e-01 8.335681891187946002e-01 9.499675757972975143e-01
1.300535203572756204e+00 9.804675392449799798e-01 7.456510717992841375e-01
1.663327334562999527e+00 9.999890009783467537e-01 4.312017585162983280e-01
1.042522811444244635e+00 1.218636503789952696e+00 8.911178055167674472e-01
1.070404303850801320e+00 7.199614583090537812e-01 1.109713887431925672e+00
9.152514042464408028e-01 1.113409410497219199e+00 8.232936898322594788e-01
1.224260968467665522e+00 1.016250696900282691e+00 8.228787329331784806e-01
1.261130546839950517e+00 8.979864842398364022e-01 1.037612777717837664e+00
7.833102143699313125e-01 1.214270765484046999e+00 1.188903334363886621e+00
3.406834144044161850e-01 1.496574311763058551e+00 2.535237190953909536e-01
1.480350049808064838e+00 1.165709926563008869e+00 1.077604839888948174e+00
9.747246430170541931e-01 1.170326090608869718e+00 1.049682520017263032e+00
1.124041381821972552e+00 1.314178822481843145e+00 9.235888687921626206e-01
1.034822106522150564e+00 8.401552041898336931e-01 1.244319269015496277e+00
9.533045135188886743e-01 9.977008842729873095e-01 9.298504363502964054e-01
1.079792037569645480e+00 1.150451286832902431e+00 9.380225393011204504e-01
9.116913550690924906e-01 1.131865205302020172e+00 1.048936972185483540e+00
9.686321157876252030e-01 9.940413113918030730e-01 1.043787095034840240e+00
2.809567663120102754e-01 1.428412183193830787e+00 8.408072155580916807e-01
1.046761815430678366e+00 1.017433554478127000e+00 1.017892659473675909e+00
1.129935696590947503e+00 1.178864891596010933e+00 6.230976213791691309e-01
1.366451612598622578e+00 1.037873034968936015e+00 8.331369291472937588e-01
1.022776127627288423e+00 7.164088462338404906e-01 1.079432031818573723e+00
1.192497127564520198e+00 6.591330929484693346e-01 1.284238170795811040e+00
1.766600084359559952e+00 3.453995833868977461e-01 7.146244465402962209e-01
1.127468719209114623e+00 1.022868599595992301e+00 1.662664348848620133e+00
7.265369358735179750e-01 1.319658875360740113e+00 9.876189305343529012e-01
9.037890802430442738e-01 9.624762985709063301e-01 9.549260304197704219e-01
8.533947664033029179e-01 8.437496971345647134e-01 7.854055527249517166e-01
8.856844994150109285e-01 1.080090064581059828e+00 9.074057333461112984e-01
1.004567087240836987e+00 1.020865739684229778e+00 1.059527094437590522e+00
9.452304687703506625e-01 1.096677133017141426e+00 9.779269995101148583e-01
1.019155554393965657e+00 7.952330872932414918e-01 5.943060295094714229e-01
9.085052587180918460e-01 1.164873400237496970e+00 9.780366332419004882e-01
7.223868972472866634e-01 1.143058992518128258e+00 9.561522033208176286e-01
9.657226369727711646e-01 1.087209905096499618e+00 1.355563960750566066e+00
1.144931159343523630e+00 1.298898233278949155e+00 1.041395281812592444e+00
4.441694043355804422e-01 1.187776992246337038e+00 1.246017118091669929e+00
7.814490077397271417e-01 8.668449701018227094e-01 1.162355983047244301e+00
1.121575868390493280e+00 6.468104907051810404e-01 1.037386493952068500e+00
9.320542437412144832e-01 1.059983808803895089e+00 1.124250778465798017e+00
9.804941550746946177e-01 8.107018600657266427e-01 8.837320801141440585e-01
1.107866545614482723e+00 4.509822156127152315e-01 1.160837548483641291e+00
1.069992472329605482e+00 6.213767087505041031e-01 1.418016814317035967e+00
1.012862150520305260e+00 1.283724829767746600e+00 1.020164829806834206e+00
6.575302113316249253e-01 7.302852392219911781e-01 1.004160197950894284e+00
3.259025095519241244e-01 1.287724461019492006e+00 1.120471469178892177e+00
1.207687296424043266e+00 1.196554627504151203e+00 8.641810914166804247e-01
9.541073956246169940e-01 5.245651692127517585e-01 1.427684504057410431e+00
7.760516799683893074e-01 8.342965510641193738e-01 1.254976918061323943e+00
1.202944095036521110e+00 5.630885086177250809e-01 1.365709822774934690e+00
8.856807906265019570e-01 1.191887818100680230e+00 7.784286376026835486e-01
7.226219536774434182e-01 9.568966468005977166e-01 8.885528769265532700e-01
3.068550098413018179e-01 8.633626868717568792e-01 1.514340114814388683e+00
9.994115788122843735e-01 1.422532629400708348e+00 9.170739269298223695e-01
7.979226010314330875e-01 1.245089349238519549e+00 1.041190643363922197e+00
1.102228838251467558e+00 1.228840975817473646e+00 9.333743476920736137e-01
1.299846918557807207e+00 1.012436294167520678e+00 5.517530940373165382e-01
9.704784144895985953e-01 5.904713550334744765e-01 1.307859100389562101e+00
1.184736943589558944e+00 7.260904890263083500e-01 9.442913759916857774e-01
1.044524018084550310e+00 1.324073348253921978e+00 6.250662137122964257e-01
3.659639693886311274e-01 1.539734343703488939e+00 1.498750342921965961e+00
8.145421640378814887e-01 9.424831070791155341e-01 8.551877371141671791e-01
9.545611581593334005e-01 9.622168128204765525e-01 1.217383595820393571e+00
8.744891371782398393e-01 1.062030271626456468e+00 1.079727112851470938e+00
3.657897079144223351e-01 2.276739481273798216e+00 8.120262366208759464e-02
9.144090629321154351e-01 1.361222819591513478e+00 4.578179424301807021e-01
9.673353337186521017e-01 1.070580173361218579e+00 9.892396911475327403e-01
1.138098160659826830e+00 6.374912491427611183e-01 9.158751380525534946e-01
9.293540640077981863e-01 8.125830547426267092e-01 1.258342817077217957e+00
7.677791220498516589e-01 1.570227593073541206e+00 4.594489821061383261e-01
7.546357885470904581e-01 1.384879595655057694e+00 9.241724367751242841e-01
1.033695394666244383e+00 1.045189613050349298e+00 1.111625981645403050e+00
9.461182561806482649e-01 1.407657143350315554e+00 4.594487556411669948e-01
8.944248932668598107e-01 1.261336805089853685e+00 9.574743715019693457e-01
1.194338092079122227e+00 1.060601494328935024e+00 7.580246843415697766e-01
5.652961455284948311e-01 2.681740814507026505e-01 1.481914148243343776e+00
1.361025505854371431e+00 1.035832105863988328e+00 5.034414264336850575e-01
1.178657055116673513e+00 1.348882277126277174e+00 8.314626996676331983e-01
1.106140668965888807e+00 1.106609657080043441e+00 4.926651367643265500e-01
7.563115505182522735e-01 1.245978605317416221e+00 1.028111222291741678e+00
1.183565406216629645e+00 1.423344598527296778e+00 8.625089586503061900e-01
9.166722449989721522e-01 1.292457585733956416e+00 7.059919965656565877e-01
1.253081087246981307e+00 7.249689428986664241e-01 1.224011449501294591e+00
1.238992149190019765e+00 1.017347465015497221e+00 5.820483258094704127e-01
1.063107513185676867e+00 1.067647847918431703e+00 1.420589876809245977e+00
9.507039808936602610e-01 5.791884362449735146e-01 1.144357603522716538e+00
5.879378661091843039e-01 1.112125974625924218e+00 1.538246375481576944e+00
1.093548986168684456e+00 1.027598981242104914e+00 8.291264328796745797e-01
5.039060641218460201e-01 1.015313841739861944e+00 8.825850009658264828e-01
1.145991478692882648e+00 4.635755038282893814e-01 1.522987380531741541e+00
7.842088763166460419e-01 7.657723723018133866e-01 1.162698968199637584e+00
8.580391247734396876e-01 1.133245669509605813e+00 9.396522683203151205e-01
9.924760298548979121e-01 1.049950595603735604e+00 1.044584074688594155e+00
1.162673180450412014e+00 6.230558992257262396e-01 1.454912080180575717e+00
3.517963683970032340e-01 1.103612773800836111e+00 1.206830647442155735e+00
1.160664513738321357e+00 1.020294576082286797e+00 1.206265895055722126e+00
8.176717109628895974e-01 7.824517359695087881e-01 9.584484156598465088e-01
1.743001023559362705e+00 8.819724290355540619e-01 3.922415587675664450e-01
8.527992988694180765e-01 9.659772355220588302e-01 1.645579845806088182e+00
5.666014068934666081e-01 3.131202627142486428e-01 1.843228937949235924e+00
1.454390975551427267e+00 8.476021326384408638e-01 1.086896216106153501e+00
5.356865543966436993e-01 7.265384044767151384e-01 1.183995824677461783e+00
5.312286562145349667e-01 1.398698208160852108e+00 1.136836443841616751e+00
6.029615500092032621e-01 3.702715913252747071e-01 1.590308641709961002e+00
3.407960658378559882e-01 9.873958163473289806e-01 1.431227208922428273e+00
5.235645412118894448e-01 9.371320940221467000e-01 8.176586897816340294e-01
1.078324349294444762e+00 1.172612357143282491e+00 1.063865552652140778e+00
1.100736599953579864e+00 7.152906937985025193e-01 1.296301110717373861e+00
1.534648884650155143e+00 9.695219042031085754e-01 5.688764652900105689e-01
3.419442009971560004e-01 1.847027025733635863e+00 4.815488927680813269e-01
8.312029395878520743e-01 6.005564936303602330e-01 8.310098365936142706e-01
1.123174955156024613e+00 1.126922108004108969e+00 1.059139028976367802e+00
6.887149706686219730e-01 1.465493683338924491e+00 8.731552103463926517e-01
7.288915115018729241e-01 1.300912526258883428e+00 1.018189156206519064e+00
9.450915331727772761e-01 7.044466572150352990e-01 8.833568268633292808e-01
7.193448865868915520e-01 1.000774858769465370e+00 1.340156026509399467e+00
6.514836278121856061e-01 9.752475552463794051e-01 1.704409717912299449e+00
1.088114377169766778e+00 1.081216865691492002e+00 1.351057007651115027e+00
4.869136122917550602e-01 1.253057244070858944e+00 1.544791819774239627e+00
9.067851792572532155e-01 1.238286717295307593e+00 1.015375600582354876e+00
9.317308846575358405e-01 9.652991193323836594e-01 9.377126831074578117e-01
7.701901224849653227e-01 1.160218001577151048e+00 6.873991609917836643e-01
1.007123805527392113e+00 8.241645995167118377e-01 1.137153962088625514e+00
1.145843939314207915e+00 1.184192002036351443e+00 7.380571966436004772e-01
9.768661378077247992e-01 8.752389168265189978e-01 1.128246426984321538e+00
4.948185184217380184e-01 4.004258728959815827e-01 1.092390695070600604e+00
8.539719863963319835e-01 8.228908796092179179e-01 1.295709050267721318e+00
8.612647852944478322e-01 1.014225580710923946e+00 9.918523676424647606e-01
8.946901040791107595e-01 8.278776400695024851e-01 1.215657632101639907e+00
9.955924091977971235e-01 9.212643964361365567e-01 1.332030839331759919e+00
1.163484575738623628e+00 1.230499234470334269e+00 6.400531047664904660e-01
9.039937837198152026e-01 9.170211820343716624e-01 1.018434997538488984e+00
1.044983076068305206e+00 1.073840261361260984e+00 7.226073188208528286e-01
1.496136856459468367e+00 1.366889750890542876e+00 3.042014823904673482e-01
4.903996028374714711e-01 8.717195525306251636e-01 1.313691310441208682e+00
1.003225518913051006e+00 7.205763428519288416e-01 1.648253717778738636e+00
9.121313421431499480e-01 9.834308521360461963e-01 1.282510598327841311e+00
6.711837084296911060e-01 1.267887409191801096e+00 8.052699296706462562e-01
1.099674258379434333e+00 5.999275359201142743e-01 1.024307772274421824e+00
8.639574539147422128e-01 1.053655813799186935e+00 9.548447860643378693e-01
7.540790641040476805e-01 1.060488947725394038e+00 1.197933398034502162e+00
1.230692811541675535e+00 1.155218947470111779e+00 9.558183150474279799e-01
8.267454293716223201e-01 8.301995347397571612e-01 1.010329894283276353e+00
1.082191129977187138e+00 1.061656782847724356e+00 4.762660180480755012e-01
9.364018521424657404e-01 1.006886907970572675e+00 9.763511812035846615e-01
9.260059899924871774e-01 9.490040943897625203e-01 5.054862587733791601e-01
8.986220946288945299e-01 1.473169785015870703e+00 8.212747664563850858e-01
8.241427053258092439e-01 9.598486904715007872e-01 1.046866156249111279e+00
1.116395021281923583e+00 8.075084266558748558e-01 1.188623785939078914e+00
9.046947219505018234e-01 1.013644512234542328e+00 1.172093024348490831e+00
1.190697430592043249e+00 1.052080157217492484e+00 1.146310552961517404e+00
1.159100743239129594e+00 1.042279902769299715e+00 1.396056653442865780e+00
1.180910147884861372e+00 1.763496893666386622e+00 3.646323588734378448e-03
7.408725624528679221e-01 8.538324032304019928e-01 9.225526827504181293e-01
8.037608125209491083e-01 1.310305922686880509e+00 1.277211866326303236e+00
6.996306723838191521e-01 1.020422845598873529e+00 1.062383365984224781e+00
1.098566001594256214e+00 1.103907774052155233e+00 7.898425228305482326e-01
5.914180264622319605e-01 1.601959998911324012e+00 6.586573198129120899e-01
9.340840295411582117e-01 1.187408083842344864e+00 5.872407979548047718e-01
7.467339238859788120e-01 1.216090804018880478e+00 1.334775289184929159e+00
2.717410617307910448e-01 9.812848152884031672e-01 1.611273141699954836e+00
8.159327075879063695e-01 1.017296843746271495e+00 1.205082871659357124e+00
9.248032967640424928e-01 4.430273487969277890e-01 1.315991184977673312e+00
1.002210987669054143e+00 1.183006030375962192e+00 1.154678877297585782e+00
7.668187300753449565e-01 1.577730592860443704e+00 4.081085768320103502e-01
9.448620647565489916e-01 5.217294132308857302e-01 1.516338861301821828e+00
1.230637280408368062e+00 1.094777893456928775e+00 6.356037365149264096e-01
7.861512536874508683e-01 1.162715498706422323e+00 8.939057974712983912e-01
7.098147772973940617e-01 6.743680978157733374e-01 1.065127338577803728e+00
1.137296043962840342e+00 1.116127914164035451e+00 1.263099709888848787e+00
1.054348036399445299e+00 1.299557972959939800e+00 1.457694749086624109e+00
8.758661773641359671e-01 9.380667535281139724e-01 1.218710980938090938e+00
8.199771627508954941e-01 2.044016969318421528e-01 1.525224450664696807e+00
1.154703596094388551e+00 7.332171813336678667e-01 1.089014732647600958e+00
8.353113797033402399e-01 1.155069108305143200e+00 9.342007233050086956e-01
7.839966880963082918e-01 9.782661826930583171e-01 1.081600167369322074e+00
9.535249146600527359e-01 1.482106875866951556e+00 8.241809040403730302e-01
1.096639599996592107e+00 8.567966998922564859e-01 1.006839106178746723e+00
1.407609696142750000e+00 5.589926288864394133e-01 1.233155781942930407e+00
1.932332778091944370e+00 3.745815199065725687e-01 3.709813213080508931e-01
7.917112323899274662e-01 9.014422778490261967e-01 1.295315996754540233e+00
1.285194077717881855e+00 7.071456971506228095e-01 9.945491834151858335e-01
1.269590727513703499e+00 9.972047697779617970e-01 1.090838476061563478e+00
6.853983736830350226e-01 1.030417273871062855e+00 1.095847003690727739e+00
3.027336588921807903e-01 1.511467646809194099e+00 1.048823432583243953e+00
1.103518506957635426e+00 1.886127636376310202e+00 3.922480735737793323e-01
9.674542478862745432e-01 1.249332645563067778e+00 6.116838566799436272e-01
1.298479837847154483e+00 1.053390626665237306e+00 1.273944916189319043e+00
1.061744355870431367e+00 9.497125896153101321e-01 9.308712976017061713e-01
8.749929567886608472e-01 1.198317944284867487e+00 1.149150063053421267e+00
7.979437616968029223e-01 9.825153541998384865e-01 9.635955921969502347e-01
1.072892501615552163e+00 1.209527291543742500e+00 9.553501501483497860e-01
6.569127975353343807e-01 1.023496342552096428e+00 1.593500946062077706e+00
7.304104689050840982e-01 1.091904663836015477e+00 1.050755612838162545e+00
8.344887089778385558e-01 9.143318542862943765e-01 1.157019552247651850e+00
6.037494653185444538e-01 4.757284335898320227e-01 1.437050379155370594e+00
5.751548901612089093e-01 9.061251767230538157e-01 1.657385916539016790e+00
7.153826780726370016e-01 1.202437517050767957e+00 1.050748666021067645e+00
8.549446863171309419e-01 1.079950138772407087e+00 1.035869438054975555e+00
1.098946912738701487e+00 3.303314301504687855e-01 1.581778153740102777e+00
8.293144557573453035e-01 7.151921034878720995e-01 1.130369899318661275e+00
1.285108011620035073e+00 8.871686725076415314e-01 8.898919735743842097e-01
5.546653141927697650e-01 1.266942566830966177e+00 1.219213373473910789e+00
1.043857758995917262e+00 1.630263590162647214e+00 1.048323599286180574e+00
1.302267126184937895e+00 1.251448066005897530e+00 1.077548495564783382e+00
1.681367477030247137e+00 3.803965712976831171e-01 3.110687788431237832e-01
1.193007901580402486e+00 9.517232701471552980e-01 1.268442726069012094e+00
1.440697262786697408e+00 1.160302366226961146e+00 1.124810325439205005e+00
8.299843781878126769e-01 1.120374810341042249e+00 9.054912767932614681e-01
1.973922645428410449e+00 6.917104492002450478e-01 8.014318818476130479e-01
9.023096220528203926e-01 1.103413658021420440e+00 9.212316582052461067e-01
7.072689353063345008e-01 1.013019083398190245e+00 1.158828817762540542e+00
1.178045810738981958e+00 1.262249466157540301e+00 9.574785173400399696e-01
4.772584121488323006e-01 9.468591385181460707e-01 1.261181633262729251e+00
8.728840199554671608e-01 8.928906868869642688e-01 1.023353089034772401e+00
8.632651741204868667e-01 1.029441311624402999e+00 6.851325826958203358e-01
1.024779970388795425e+00 1.103069497401439891e+00 1.096515602700110614e+00
1.028754648163750840e+00 8.027570565115504930e-01 1.162628650197198077e+00
1.736801465406714540e+00 7.806459835086525523e-01 7.571338629931392283e-01
1.048091489517028796e+00 1.266216667390744233e+00 8.130154193508002392e-01
5.559918471673410689e-01 8.312540353042123797e-01 1.359639321480939245e+00
8.091405936587682257e-01 1.125219699390908934e+00 1.436304971420937715e+00
1.063983549905761494e+00 6.684425373198490394e-01 1.168714931988893424e+00
1.666758185502877021e+00 4.187063537880152397e-01 9.844321702450237188e-01
9.356237627072221397e-01 1.168922638197657626e+00 7.369910104412341623e-01
8.215892951711026848e-01 1.342943710217861852e+00 3.690644026002367073e-01
1.760817692855831007e+00 1.395008464509064905e-01 1.173835881158328709e+00
8.161430324543980097e-01 4.538719915127481519e-01 1.365709592897933922e+00
9.903255961170608357e-01 1.056359904737357525e+00 9.257512603306617960e-01
9.165291078610982023e-01 6.614729654440180129e-01 1.333574663386167591e+00
7.506016631643257497e-01 9.695914884491404484e-01 1.128707396193164403e+00
8.987092844067627873e-01 1.192574642778638783e+00 8.996849738077449254e-01
9.170389169293068354e-01 1.062814775651234500e+00 1.131014170734248703e+00
6.584126386556062860e-01 1.074371191701592121e+00 7.079644168897483159e-01
9.710765732944400819e-01 1.190283745528847748e+00 6.710835747729081424e-01
1.263405716689125491e+00 9.299915199361388218e-01 1.129579814009663563e+00
6.099033799587114668e-01 1.241372436864384365e+00 7.190351647766306531e-01
9.125758600880461424e-01 5.699035609460106899e-01 1.147761096557134541e+00
8.359678262481349265e-01 9.289345916302462758e-01 1.254342085281585417e+00
1.026359433499474338e+00 1.099120961975167843e+00 9.140731440729762403e-01
2.979453141599441857e-01 1.945065944139849234e+00 5.812853323501820935e-01
1.691215885912217276e+00 1.028134271090912266e+00 1.019426147975070363e+00
1.081176641192627796e+00 1.216367804658023966e+00 8.783070342495615801e-01
1.352528390018419957e+00 9.397588532766261160e-01 7.903723392832804340e-01
8.277517739960007503e-01 8.717854985580288929e-01 9.147952452441281412e-01
8.735794682839709280e-01 1.286332289901236381e+00 8.351141857857399264e-01
6.019337363434343890e-01 9.677869358145507750e-01 1.393819602319059880e+00
6.721306510790915345e-01 1.275734217472345167e+00 1.344220253174909674e+00
5.708685697408931725e-01 9.324801478981825653e-01 7.447357149196103254e-01
9.095263815125758100e-01 6.761016379086318695e-01 1.157140627588404858e+00
1.024544740227360418e+00 8.610639389395324805e-01 1.096190000190790270e+00
1.143449252577784847e+00 6.120061089208891358e-01 1.197237960348877417e+00
1.043829036314446013e+00 1.844111769478788077e+00 2.004941440443273604e-01
7.520176845711479263e-01 1.162300564598373054e+00 1.230324592699026720e+00
6.697894911365370740e-01 1.192095455878585675e+00 1.073545132080809372e+00
7.552668785262275364e-01 1.025097770014214316e+00 1.035700774284568526e+00
6.468146345060110658e-01 8.374921707975166996e-01 1.096446917498848483e+00
1.299237501596128552e-01 1.008997689886530047e+00 8.387253798956898487e-01
9.432313865719927914e-01 1.596545821803411869e+00 5.353905530716975836e-01
9.719258293457233577e-01 9.468950967532325791e-01 9.773324922090013134e-01
1.111017429032837178e+00 1.113143163107576328e+00 8.797003720502747370e-01
6.635494261076635425e-01 1.111763184897225143e+00 8.226708582168014150e-01
1.102351127055804625e+00 7.994381444061826603e-01 1.162257894674973535e+00
9.616772807265311362e-01 1.196178290508864928e+00 1.051617447617496648e+00
8.047928113534212891e-01 5.153111875523882501e-01 1.895131195340388430e+00
9.794301262047077072e-01 8.867561475190333109e-01 1.004652969641030680e+00
8.228067211983922657e-01 7.629860519839554156e-01 1.285400412899334821e+00
1.318382944353890140e+00 7.916993862261914039e-01 8.414346759585920044e-01
1.310550357697317647e+00 1.209718878824223465e+00 1.213791037447330634e+00
1.029881763373521997e+00 7.325499965070031427e-01 1.513406921649607328e+00
9.793981221986355346e-01 9.191809333905549551e-01 9.198640840637386518e-01
1.619129362752044887e+00 8.459001480205058376e-01 1.203252857700755074e+00
3.930851569525011802e-01 6.030127900017647757e-01 7.065627530902576225e-01
8.390686255243424707e-01 9.424982166741194822e-01 1.013597031687361261e+00
8.120115268678609333e-01 5.876404322654734669e-01 1.405495771950902029e+00
9.670012205911532321e-01 1.073542527843043715e+00 1.010486652326376467e+00
1.077410454954865093e+00 1.286825504246972729e+00 1.197180684725078992e+00
7.098339928643403463e-01 1.099955422946443884e+00 1.069818205817123280e+00
9.938137937437009350e-01 9.049378278114071916e-01 1.087910552011142951e+00
1.043720256158762627e+00 1.237999034235853779e+00 1.412969678785245931e+00
7.324046555189811514e-01 1.255617826891071376e+00 9.888908049675476652e-01
1.107518526294359873e+00 1.088759137220240980e+00 1.183845485337026604e+00
8.501705079112447105e-01 8.392606260217765346e-01 1.140273557988531028e+00
8.243009582777267585e-01 8.448783416778312683e-01 1.207705664580060345e+00
6.795690215659501154e-01 1.206330943695487434e+00 5.377025894853612042e-01
1.058286026309359418e+00 5.973184297498503881e-01 1.054965203795309669e+00
9.225889994726033105e-01 8.468202840749191607e-01 1.062448993944927311e+00
9.656866309478639998e-01 1.014592277842417234e+00 1.163717553053697840e+00
1.546459804331878019e+00 7.808709170363891117e-01 8.094074833010818093e-01
1.982199311176687129e+00 3.900951950961121795e-01 6.686418657870151216e-01
1.457315074978246860e+00 1.211885221721704875e+00 8.764302333881571760e-01
7.415782201319625067e-01 1.291232987478021954e+00 9.459210322594837628e-01
1.044063458030294100e+00 8.823394064494127775e-01 1.131775051261520559e+00
8.544987259244114508e-01 1.175282855685778394e+00 1.083882007000476211e+00
1.195123047887187706e+00 1.188984673154152460e+00 6.712861569271180162e-01
7.636826945890595741e-01 8.836113263585312350e-01 1.084270619791387391e+00
1.180927540711647739e+00 1.046885857319689750e+00 1.001655792977053094e+00
8.605047239206931042e-01 1.140933658254574601e+00 7.130140796369242029e-01
9.197767300740128382e-01 1.199993750821859440e+00 1.059948895087577503e+00
4.916431390502161158e-01 8.560500600130698245e-01 1.688464479177002264e+00
8.027601526773918694e-01 4.164004145494469289e-01 1.733366320710918895e+00
1.119763138894671162e+00 1.348950763770824679e+00 9.799821126792892523e-01
1.689763583321649332e+00 1.054425711053808001e+00 1.402657800495166418e+00
9.300169955842415570e-01 9.940067730150302650e-01 9.788976113314766803e-01
9.034803894383399703e-01 1.109927436200709439e+00 1.449536676884532138e+00
1.175145432474720142e+00 1.085531359765810500e+00 9.544991573266740081e-01
7.552480693178147408e-01 9.981560118763559419e-01 1.097398827763953033e+00
8.084903969852977879e-01 5.569595186828265598e-01 2.050929074423637033e+00
5.954671246658173045e-01 1.546644833683496145e+00 8.157794196776847473e-01
1.203756700593000772e+00 9.998079553122289909e-01 6.689346869281206365e-01
7.363052918632014832e-01 1.070222378221461046e+00 1.090131706886050988e+00
7.245238455493748786e-01 9.324920994386225459e-01 1.532201699374697634e+00
8.025972816898561124e-01 1.151302026138563805e+00 1.491474403445816499e+00
9.513036892052456617e-01 5.796147706646318509e-01 1.336886140396916556e+00
6.663215400324127291e-01 9.622217120292992920e-01 1.175108517779309025e+00
9.666124309773181933e-01 8.625641192660318257e-01 1.331697256549447816e+00
7.382188438737766756e-01 1.160615081582895058e+00 8.223158308042454179e-01
1.003194247886294743e+00 1.341216370319662898e+00 8.438594844801954320e-01
6.584290052533272597e-01 1.464361842684507753e+00 3.626479732563693825e-01
6.771193077074152411e-01 1.070348101622628167e+00 1.128726988786758811e+00
7.210945094282240619e-01 1.095027031368307924e+00 1.070216642284557595e+00
8.004780826630224499e-01 1.052115490880892290e+00 1.176590903321657500e+00
1.926126149843988111e+00 8.871320250488848869e-01 9.072540063070596572e-01
8.093204420115052145e-01 1.106656727272743668e+00 1.211461561278103227e+00
6.102483031477974329e-01 1.674089939449343145e+00 9.660477598766762375e-01
1.255544785583336598e+00 9.399103442463913050e-01 1.431051975074339788e+00
1.523772190337296939e+00 6.996795598643529290e-01 1.409432652224297478e+00
1.014745034205389640e+00 8.506939213965317714e-01 9.864588132989906555e-01
1.584924276755806272e+00 1.432868849099514730e+00 7.678717011156317440e-01
1.228659139357814123e+00 1.332883309868255095e+00 1.246421618950280141e+00
1.362934156034326216e+00 6.271039619870619752e-01 9.752632495264473844e-01
1.143222783986440172e+00 1.157428229000054154e+00 9.871599802285709879e-01
7.373525019930625701e-01 7.393863661802677623e-01 1.544851398659776498e+00
1.109031889786456393e+00 1.398115981969074273e+00 1.354150309239500638e+00
8.005919794108812271e-01 1.320783436725030624e+00 1.151597894725939097e+00
6.191061934400869937e-01 1.257230930106987499e+00 6.777201037758042723e-01
9.902271650261164071e-01 6.438972334238342032e-01 1.062111009637950243e+00
7.850396746093422085e-01 9.823859555163449997e-01 4.838069682166300511e-01
8.594084768927687801e-01 1.008432262928789180e+00 9.765973386371840093e-01
1.072110897757727610e+00 4.854798229043812974e-01 1.402353896379290532e+00
9.101188757620710668e-01 1.138181985547758623e+00 1.201638706978685800e+00
1.482658800474336624e+00 1.260755575058828848e+00 8.825484734338141513e-01
6.887010683766093821e-01 1.064759583470799242e+00 1.208149461596393692e+00
1.069985363190329997e+00 7.190637433549592616e-01 1.382288965330615405e+00
1.612642707719996737e+00 9.492878087891896133e-01 1.184864959158258291e+00
1.056662748150245967e+00 9.081948176819168994e-01 1.256194679669940806e+00
1.098707813557830537e+00 1.496504070897368699e+00 6.865212956086835794e-01
7.355114345914254281e-01 1.100100269695949873e+00 5.823262948538896477e-01
6.947851180033868257e-01 7.773831103189130509e-01 6.461173269025383137e-01
1.463831723865714363e+00 1.051790981758345733e+00 1.380723525933816420e+00
1.245262272965632189e+00 9.575134767468697072e-01 1.154770546343691473e+00
1.276674840449208537e+00 7.093675258517289084e-01 1.129789505817865747e+00
1.016091537089742758e+00 6.997016457125543321e-01 1.507348608369641241e+00
9.739499042074288848e-01 1.478163981114955172e+00 9.288980921533582791e-01
1.028791032204507294e+00 7.942104241017895472e-01 1.296486630677282204e+00
8.772172701017081353e-01 9.212171761056832109e-01 1.173530506791972794e+00
9.179432644255125506e-01 1.024152600068262586e+00 9.793500101262812008e-01
1.023631651170658907e+00 1.039726179477541201e+00 9.854637037451159376e-01
2.921935989849157589e-01 9.852786313989374545e-01 1.692570785418444856e+00
7.081562290489121780e-01 1.124535869143427957e+00 9.230279780354623265e-01
1.198681653696834326e+00 5.392638265695059996e-01 1.286179354208555115e+00
8.832095438112972374e-01 9.867230468929703013e-01 1.131045905475362545e+00
8.300299370012699240e-01 7.634728636287386738e-01 1.393985395875446898e+00
8.918812728003131518e-01 9.930854453625043154e-01 1.321792583227164197e+00
1.115947272410479973e+00 6.973860288917824723e-01 8.924041427262748849e-01
2.644546116811588021e-01 1.283385145085088386e+00 1.213253960986789837e+00
8.242996758133724899e-01 1.079983055607905307e+00 1.020524439297544106e+00
5.337164566313602476e-01 1.064710895561443937e+00 1.178815848797550192e+00
1.045718675331016589e+00 1.202249829415196869e+00 7.200942263832212920e-01
8.456159056569473309e-01 8.391861660510354648e-01 1.074056102667745538e+00
9.904227776871220579e-01 7.880752225530507360e-01 1.365124031272690219e+00
1.052770117097114433e+00 1.142379039395672979e+00 1.355949863342087669e+00
1.222006061979288738e+00 9.374259284010355575e-01 9.526233035923978854e-01
1.171778334741896188e+00 6.492669845916182458e-01 7.696356206197806360e-01
1.079114554352849087e+00 9.382310153036143019e-01 1.062563810485579019e+00
1.132084748357262693e+00 1.231800328513023679e+00 1.145774429437256714e+00
6.889640513258709076e-01 3.727358183860101093e-01 1.673913600814970870e+00
8.259099651072697723e-01 7.932575320146898479e-01 1.186519309831883584e+00
6.456728107858915600e-01 1.389609175574972433e+00 5.629415400664281588e-01
9.409826981767868137e-01 8.091837616971353508e-01 1.627041885186085057e+00
1.367943828144668972e+00 9.818720934403536438e-01 7.736051437789812635e-01
5.589000983321215088e-01 4.040511828970486108e-01 1.219986307656903524e+00
7.749589428052771067e-01 7.656921248605006447e-01 1.234692710044984265e+00
9.467230275629423542e-01 1.001777332322434377e+00 1.208453878536329684e+00
6.207880558950668037e-01 1.318748070810249251e+00 1.211804962452689871e+00
7.320549186007797582e-01 1.107640766561186485e+00 1.015403111707725570e+00
9.851170649951010994e-01 1.248172324939967881e+00 1.133019861595391475e+00
9.518925643250328861e-01 8.702661681996834986e-01 8.632574470988118032e-01
1.042591300074251492e+00 3.551257874231346645e-01 1.401430101914540316e+00
9.549062748478540641e-01 1.209332266045546334e+00 1.328586426505852014e+00
1.076943883662780044e+00 5.310015306919927403e-01 1.375394725641805538e+00
1.287024997679062199e+00 1.359124083963680674e+00 6.080346352870633631e-01
8.662188304826622387e-01 8.657911189807810937e-01 1.145551301527887089e+00
7.151158173157138309e-01 9.048191238903229294e-01 9.013215732073386333e-01
1.191318843926143956e+00 8.475834453739410357e-01 1.363322131060255016e+00
5.847579029258948013e-01 1.348731026141219091e+00 1.478511648981842619e+00
6.078326060517307283e-01 1.216675651313664286e+00 1.180868656817905427e+00
8.432939469761442375e-01 9.910846503940033969e-01 8.039207794917657690e-01
1.079819697758356067e+00 9.762680382968836890e-01 9.700726039230882503e-01
1.421744603448605870e+00 1.302224908217053390e+00 3.971305960946620028e-01
1.199640333347705257e+00 1.269688562843148461e+00 1.240599340376189907e+00
1.200948170644851487e+00 1.534812781167428808e+00 1.058683674910767758e+00
1.219736157859802272e+00 2.177264079945128994e-01 1.129922892585337957e+00
1.086690164844243967e+00 1.079513845117372473e+00 1.057560657892564926e+00
1.149332474087656042e+00 1.140817585312956739e+00 1.093762355166421063e+00
5.506241730986487504e-01 1.546920904045150147e+00 7.874886212831456733e-01
1.411812987049612556e+00 4.914344287783641296e-01 9.743473186318413193e-01
5.729300582501063444e-01 9.998701989548706148e-01 1.428596252957901935e+00
1.174077763234032679e+00 1.103134576264055644e+00 1.172022763906949594e+00
6.892034531698052469e-01 1.110906652225195135e+00 1.051481722391780060e+00
1.033763140601119845e+00 8.455295366711365057e-01 1.024680007023571759e+00
1.565240712538902734e+00 4.017367737393263138e-01 8.066651945807145063e-01
4.117309294027396982e-01 8.780539523155526105e-01 1.271516181452655658e+00
3.569209654973585777e-01 3.604281522199132004e-01 2.355080724539135417e+00
6.782485567263644155e-01 1.264377223299551600e+00 1.149469478880965845e+00
9.641108940251237325e-01 1.289462019111170976e+00 5.237191994059137157e-01
1.292284480419988668e+00 1.355254003516475292e+00 9.910454982095093790e-01
9.276313527507952239e-01 1.000643600668766675e+00 1.077941730741478255e+00
1.272140411203775079e+00 2.679043812405370040e-01 1.547941474502782411e+00
9.310904406151951918e-01 7.537726869695676735e-01 1.108185845136205216e+00
1.005662340289859680e+00 9.357571692268563668e-01 9.790839204558076103e-01
8.840923593293529281e-01 9.690935620043574783e-01 8.313614777428774971e-01
1.239120138454614883e+00 1.495454059102148958e-01 1.683605921716353926e+00
8.336921544697930564e-01 1.079105258284854818e+00 1.219217433107034010e+00
7.701469067557540349e-01 1.485323414237361472e+00 4.055676086698775662e-01
9.460488325951775801e-01 1.086322637843701866e+00 1.134844442070721549e+00
1.780506903451512857e+00 9.505236265175912580e-01 6.602127255645036108e-01
7.517795769840271980e-01 1.598534526756299590e+00 4.728474135429746594e-01
8.878669058825851002e-01 9.893838999465106587e-01 7.861078122110600752e-01
6.977385603149839355e-01 8.309670992541705603e-01 9.135454678741693479e-01
1.171045381938374819e+00 1.313296748373092626e+00 8.481834531246552622e-01
4.207723249238932706e-01 1.578815597211052246e+00 1.256945157121713841e+00
1.344520422506296775e+00 5.741556434394152753e-01 1.193745198852442346e+00
9.626468085712496237e-01 9.044396858986191168e-01 1.146960174750896844e+00
1.663683648677799720e+00 1.710662808769065069e-01 9.245514278836924893e-01
1.484595808217227697e+00 9.876622826399589217e-01 8.858675319420805661e-01
1.274180805772050729e+00 8.807690139110496697e-01 1.074847986992087501e+00
7.319782965510003292e-01 1.048867910858438224e+00 7.890125456336185561e-01
1.419704607522188411e+00 9.748034101647683469e-01 1.201200699485594381e+00
1.191052510761829941e+00 7.806269256053833816e-01 6.765853879594795339e-01
9.511125910642659331e-01 1.110362427718467604e+00 9.621566239117420594e-01
9.732509054724736153e-01 9.155990849240701612e-01 1.136064808801437342e+00
8.967025066251925747e-01 5.792088446096222976e-01 1.121933636688063229e+00
9.179217508954629068e-01 9.673037258164585150e-01 9.771339416244855247e-01
1.113067862850865453e+00 1.015533690189305283e+00 8.472967361056810143e-01
1.391882774057020544e+00 1.161315437512336457e+00 8.547287349113544819e-01
1.052791395403004149e+00 7.531692449829348046e-01 6.971880236616827542e-01
1.095175585449168487e+00 8.683119233493408196e-01 9.794143505476640144e-01
1.074873034190186649e+00 1.006292086503169703e+00 9.773289387805291772e-01
1.009496443042898317e+00 8.167327922339595592e-01 9.825583894803473495e-01
1.043175569665964364e+00 1.086432811006282417e+00 6.052516734477828564e-01
8.819263377516122215e-01 8.173876826297230558e-01 1.217565315517615598e+00
7.406943705483690632e-01 9.406881175579411281e-01 1.201430349351391813e+00
9.097479921139317582e-01 7.708902587441776033e-01 1.155645588354692332e+00
7.411935862065783809e-01 1.379102565760015553e+00 5.331608911231455750e-01
8.121975670562594507e-01 7.742820836909211080e-01 9.802151166661975390e-01
6.939830475968052914e-01 7.771523643823036176e-01 1.425667678518908188e+00
1.079247033312556781e+00 6.376676354560105731e-01 1.564488202228011104e+00
9.428040177120559084e-01 1.309409200674456653e+00 8.375425449410198731e-01
9.441057341027990768e-01 7.941478653524121079e-01 1.250661683514016298e+00
1.940514116539441725e+00 6.829184209205805267e-01 1.483290517066544911e+00
8.793582546045174420e-01 7.866071205809145317e-01 9.622744880139360024e-01
5.811058480622660616e-01 1.710509118731023959e+00 6.752617797636056851e-01
7.850938218282196290e-01 1.290005089822251483e+00 1.039887735619167808e+00
1.226407662889976491e+00 7.302596123568910746e-01 1.233828745653432923e+00
1.065982547236415057e+00 1.183168076709764094e+00 1.105572073229851959e+00
5.203666830534036114e-01 1.358578691439629615e+00 1.405507142949106836e+00
1.253202848343612175e+00 8.181603459714893445e-01 1.213345700417682638e+00
9.707074411559662996e-01 1.424054417094537728e+00 9.279252240612452240e-01
9.854863835883411749e-01 1.051204013382747160e+00 1.045357374191113520e+00
9.404677864051024239e-01 8.116473079816969305e-01 1.092635775603254977e+00
1.407640695721382729e+00 9.304184804081876425e-01 1.127629974855622663e+00
1.016030370515123238e+00 1.080784393675350064e+00 1.016004271750220234e+00
1.153244376882282873e+00 8.493692015801537210e-01 9.521094626001107564e-01
1.196229489617311792e+00 7.853742358878430530e-01 1.403212451122554771e+00
7.285089932849300176e-01 1.007586941293255434e+00 1.258184530170374904e+00
9.618806387827533166e-01 9.858449027687815613e-01 9.804013286519337456e-01
7.653670290489679173e-01 1.018084147506639114e+00 1.067904620865675946e+00
1.124870361918371753e+00 1.030749380576539753e+00 9.618416062867088945e-01
1.063930697048904195e+00 1.344953050422622365e+00 8.422165194690356405e-01
9.292152018372765720e-01 9.499801171895874141e-01 1.150863427269058104e+00
9.108643750292677588e-01 8.911950781642298258e-01 1.281154902580355692e+00
1.219755275752749446e+00 1.032755955786509583e+00 1.115584896882353183e+00
6.219802103430227547e-01 1.050572590304139409e+00 1.417984245162123180e+00
6.993428244174297870e-01 1.074115474956009786e+00 1.104422602448569934e+00
8.198032374834886005e-01 1.186736221430358285e+00 1.319317973982442993e+00
1.265105833398469937e+00 7.882445173155070428e-01 1.112014538579604528e+00
1.268478701983510870e+00 9.255705592581723318e-01 9.298145603816682092e-01
4.775963165049048609e-01 4.429747884212567599e-01 1.901286891412307778e+00
1.052213981480677241e+00 8.767164370778384175e-01 1.348251828101763916e+00
3.910777747427015005e-01 6.509993350330363082e-01 1.754040350726191022e+00
8.296246739208983367e-01 9.370185157241085472e-01 9.661554010883293131e-01
5.896920137628419711e-01 7.833749001865987216e-01 7.677214271001323587e-01
5.521376402145934392e-01 1.008032253206410545e+00 1.152193695029480436e+00
9.132529259317706538e-01 9.451260535884598024e-01 1.212843611390525655e+00
1.042136719994679606e+00 4.460780897165291803e-01 1.278943211221356346e+00
1.134962944428520526e+00 1.235606499776541689e+00 1.015525830538336338e+00
5.998692745199245557e-01 9.648262924091151049e-01 1.676322284553628528e+00
8.493191478646372472e-01 1.117120188762947386e+00 1.010895952620166405e+00
1.288222152691181233e+00 1.159030815836702866e+00 6.295219906161874102e-01
1.652983848548782220e+00 3.840995892084230756e-01 1.328324168842847763e+00
1.104234368909696951e+00 7.921732246395648547e-01 9.527892364386268964e-01
1.217150259766631049e+00 7.997034241602206661e-01 1.134908140571665891e+00
1.033966069080045180e+00 1.061410275439978346e+00 1.139458812605841587e+00
1.647793057246441872e+00 3.029727038825664742e-01 4.533513024529172153e-01
7.019161101047243223e-01 8.720791106996901298e-01 1.377596287253029850e+00
1.287037207387697668e+00 1.298201317539871003e+00 1.135712166692834035e+00
9.976640240607742571e-01 1.036247222728774009e+00 1.221318168031324536e+00
1.086608680070876076e+00 1.302401806303234322e+00 8.864204999826543752e-01
1.387173764539456622e+00 9.349523413270720562e-01 1.124757879511515624e+00
9.652404282299040794e-01 1.424230308212503626e+00 9.851524725611675581e-01
1.797885735052299649e+00 2.901228723492296768e-01 9.251572769271408925e-01
9.152536566534948959e-01 9.988701096617204067e-01 9.820980968640051767e-01
7.592620663195611685e-01 8.695407017832973429e-01 8.739963389666255411e-01
8.029992731809200146e-01 1.058430564169958510e+00 1.208314844592702331e+00
9.451943103359549125e-01 1.205644193314118429e+00 1.192493595807819773e+00
8.074147311822525985e-01 1.063958046981696492e+00 1.447076429878866088e+00
6.350325759348520727e-01 9.883536285906986407e-01 9.025110480286273607e-01
1.015281335940416030e+00 1.826172488157681517e+00 4.462834628266525994e-01
5.814292138318458703e-01 1.428694744418145923e+00 6.749058988593532593e-01
1.114798313420508391e+00 7.919429480233359797e-01 1.206480864641408690e+00
9.267924998493409783e-01 1.446664462471305868e+00 9.068526888001188224e-01
6.902608231180582532e-01 9.657564706334237359e-01 1.036239457336579850e+00
1.193779669925723486e+00 1.223154876450336603e+00 9.312544899244862284e-01
1.050342934863970124e+00 1.083215131019069410e+00 7.945026417355118831e-01
1.260687822797762703e+00 8.927702255695987299e-01 3.395192697993323905e-01
6.331556808538194581e-01 5.767376050789606579e-01 5.224300956986086542e-01
1.160032782837492560e+00 9.556450811049902461e-01 1.223951591831150987e+00
1.248710392624881926e+00 1.903637942948937622e+00 3.295001359488227560e-02
6.734099620823399412e-01 1.756456348529918277e+00 4.178549526471097009e-01
1.155482374664534184e+00 1.080719123459489284e+00 1.125068149525024541e+00
1.391057795034849720e+00 1.083231761170879048e+00 1.072994716440284879e+00
8.921147984698637456e-01 1.216094372140348101e+00 9.993590689216275136e-01
4.335045693596309979e-01 2.002562580590880437e+00 5.425235835108098703e-01
9.688138943970401318e-01 1.109061157196186365e+00 8.992734493083434089e-01
3.722820519833829334e-01 5.142969800657978263e-01 1.576455694646594852e+00
1.125037086258284358e+00 7.972698299724659821e-01 1.161569794647926646e+00
1.090777257696158298e+00 1.033552703618483726e+00 9.765531124442482502e-01
8.676088532084050842e-01 9.809245557721311126e-01 1.113048569272514277e+00
5.849908845436143645e-01 1.344596246392334438e+00 9.498440742014057081e-01
9.129248614666642947e-01 1.563018130888854884e+00 1.218689414958836092e+00
1.243318167661292106e+00 1.224790117728021155e+00 7.056411551038966889e-01
1.150632256965183453e+00 6.582061335202297192e-01 9.381990798687024347e-01
5.342715123929254739e-01 1.053708024761903950e+00 7.698758547831099364e-01
9.503814023244293585e-01 1.480565400549226363e+00 5.535540777907521637e-01
1.002372867064355022e+00 1.349564592451569567e+00 9.284386153034891453e-01
6.869038313925694972e-01 1.648610297729269369e+00 1.036814334126161974e+00
8.704780231651871869e-01 2.952605806346916828e-01 1.627473000951548121e+00
8.834507622276919214e-01 1.718627826588669416e+00 1.391444505724140246e+00
7.571577803541577056e-01 8.564103861662409889e-01 9.243648060371824071e-01
1.022075921962413592e+00 7.510217273051105202e-01 1.408214186049875805e+00
9.697026786345369631e-01 9.432928830654894181e-01 1.228366362881045948e+00
3.772096653133171218e-01 1.438388527999275412e+00 6.098884115276343998e-01
9.784238510295041324e-01 7.092321580172274986e-01 1.287821492775598875e+00
9.692578292685229968e-01 1.376500909907740766e+00 7.547629385356557918e-01
1.058693194224057166e+00 9.062089092199875351e-01 1.135321678654916511e+00
6.422020244557999913e-01 1.199781105974605522e+00 8.929118758332117434e-01
8.074095505913847504e-02 1.108113034238689121e+00 1.033636416565652638e+00
9.748972263556749951e-01 1.302835529959380789e+00 1.130710921808364189e+00
1.187945974181523923e+00 1.119409318360496730e+00 1.433069341486688630e+00
6.005506120693532290e-01 1.292450356676220879e+00 1.333474836829987353e+00
1.258833946288696159e+00 9.908439597061061699e-01 5.779282361798681045e-01
9.701576353035280542e-01 6.436539870288792153e-01 9.522268985311900247e-01
1.292295530608453591e+00 1.016834368571781111e+00 9.603959544829405726e-01
6.713291944646562204e-01 1.302753079340059905e+00 8.685962562697728817e-01
9.259213752459488633e-01 9.143936802233056937e-01 1.329856580231637331e+00
1.229916518764729405e+00 7.821463630780015608e-01 6.451871310516238411e-01
9.574087746312074376e-01 9.620808656645436496e-01 9.812787852150632872e-01
8.585577831245758684e-01 1.285851242552114027e+00 7.096815529092600494e-01
2.134962692700983045e+00 6.675337498581892515e-01 5.245388503273946679e-01
8.797479350580691415e-01 1.272641108749792194e+00 1.202235186251910948e+00
1.247571383253092581e+00 1.073878524728188344e+00 9.767494158097786983e-01
7.029518609372965576e-01 1.367455758470921712e+00 7.109362707734381281e-01
9.432796545528007170e-01 1.255232065443135481e+00 9.589400845885974745e-01
9.306607346763898780e-01 1.216249099415690926e+00 8.043443713588807054e-01
7.272821888398895984e-01 1.517543221328433223e+00 7.555603606916180270e-01
1.098640692456934964e+00 8.574986330438966187e-01 8.527478872032558943e-01
7.418138800467747318e-01 1.314478658197247629e+00 1.009133215881280243e+00
6.233470034171836316e-01 1.361459074836534056e+00 8.864418175614435791e-01
1.015273807763188652e+00 9.383424893020184676e-01 1.141343301380247199e+00
6.240516847775557929e-01 1.167162006858844414e+00 8.504108457534879095e-01
1.153924455890927181e+00 5.856488508418387084e-01 1.008798040427933085e+00
1.251971247969445589e+00 5.354529667355499845e-01 6.825663618656109266e-01
9.978281812133071860e-01 1.132540288074393553e+00 9.365788906027588956e-01
7.930205606680957864e-01 1.391889541359770055e+00 8.487322352638516643e-01
8.196580032681043404e-01 9.796212388974043783e-01 1.044741823171277062e+00
9.144771767823984820e-01 1.086620383442391535e+00 1.395041499245096128e+00
1.053831408202514197e+00 1.022246850307178212e+00 1.179050473574926983e+00
1.106475853593512859e+00 1.342525382196928296e+00 7.627846468550806280e-01
6.791356315999811377e-01 9.970587059669703267e-01 1.907631757343234646e+00
1.663725495990087122e-01 2.177069219862443727e+00 7.713604142548703413e-01
8.133882726712493572e-01 1.263102228311146380e+00 8.808435981969188200e-01
1.156877317633036695e+00 1.067042786998268156e+00 1.649556781390107973e+00
9.609403846570383489e-01 8.242463556439162398e-01 9.642601343413034209e-01
1.129968471754561499e+00 1.215294727226290394e+00 6.979557687597696125e-01
1.098092612883716068e+00 5.902690537264839721e-01 1.180971148394374781e+00
8.174835612448286826e-01 9.955998500710747656e-01 1.387675606855719224e+00
1.267574411587487848e+00 7.509821204267015660e-02 1.522602962372308744e+00
1.471850145785677855e+00 7.684416858818297058e-01 9.314290742405686441e-01
5.986278637744467668e-01 1.202638358381739492e+00 1.544568703341334670e+00
9.495526262381777105e-01 1.373384060156946473e+00 7.736247243042856381e-01
8.099049710969623561e-01 8.507340937417749993e-01 1.223323560869504112e+00
1.309210603191298228e+00 7.904274228834816673e-01 1.132332285057434218e+00
1.007752041167174095e+00 1.132071437765463262e+00 1.015236331299464112e+00
9.794760904435233506e-01 1.011712165875349623e+00 8.892671921205986818e-01
1.675293783912029655e+00 1.169142903674842415e+00 1.334796938567969660e+00
9.876670842670191020e-01 1.442605246423568577e+00 6.971289862204957943e-01
8.457368240666222059e-01 1.107342766861646233e+00 7.250051579776370936e-01
6.032666177382919326e-01 1.509852764458256225e+00 1.076396547897694678e+00
8.858614132662565588e-01 8.490369200810238270e-01 1.869907927376922352e+00
9.700207085719644295e-01 6.317748319801202994e-01 1.155170226988284199e+00
6.242224584039284263e-01 8.207201499283535151e-01 1.436952909076050222e+00
5.069896578040049562e-01 1.218862057213502270e+00 1.191672287713928968e+00
1.746412867775090749e+00 4.324840385241071061e-01 7.497026327232878540e-01
1.254895511190033730e+00 5.573080325451156281e-01 1.010420296249143757e+00
8.885972651805386091e-01 1.182917297701585824e+00 9.364097099367452159e-01
8.614724303276534156e-01 1.727506690235502074e+00 3.312364871450684256e-01
1.068017425789682839e+00 1.201663934685248902e+00 1.081034977852836754e+00
9.100650375821569549e-01 8.725123904753867565e-01 1.375371446062624514e+00
1.112960070986908523e+00 1.165641711165309014e+00 8.414129570705081163e-01
1.365132578570728894e+00 9.325822203240522468e-01 1.049117870621172566e+00
1.105045141797326824e+00 6.945129821987926499e-01 1.398787050084437267e+00
7.687162694690787834e-01 5.820076149901424190e-01 1.494430528996445018e+00
1.115066990587296525e+00 1.149240434198864014e+00 5.226365537319730414e-01
8.807482645887502182e-01 8.903055242913423539e-01 7.737513601701485610e-01
9.994176253109274821e-01 9.941810878124515138e-01 9.550252144942846799e-01
8.481648768362171076e-01 8.344802076515809297e-01 5.338907209273869858e-01
1.179120977291049366e+00 9.292171227129534250e-01 2.150938293414675906e-01
1.161599826194586127e+00 8.829742519932937128e-01 6.686802152595247017e-01
7.921621733708176238e-01 1.171530914647672228e+00 1.125823924669826059e+00
5.103542252453255879e-01 1.349550894496190923e+00 1.057349337950417079e+00
9.793778899131250215e-01 1.385990628209583075e+00 1.407861119573853514e+00
1.153191821725254584e+00 1.185669795248859959e+00 1.098537270849960334e+00
1.820199321024170702e+00 5.702207110117221145e-01 8.557270691400518103e-01
1.043245614456532744e+00 7.370812190575725120e-01 1.028937348346401048e+00
1.077116036755765061e+00 1.040774502303086990e+00 3.950345593450634851e-01
1.029843458747145890e+00 1.252136129648696361e+00 9.453289417035358744e-01
1.125345305999033041e+00 4.925357661737281290e-01 1.386315983767274496e+00
8.963984433501506199e-01 1.067317870337856522e+00 8.710227985293130804e-01
1.252534996162009806e+00 1.081157453147388869e+00 6.526916437481189437e-01
3.229463249014782877e-01 1.063179300839611985e+00 1.385533217797298766e+00
9.534350724409442757e-01 8.833410971981526805e-01 1.238269380378765883e+00
2.660131898249694093e-01 1.321493308775952835e+00 6.173168689354303629e-01
1.301479376080056927e+00 6.662591973124554201e-02 1.975412755251030550e+00
5.793164466996226780e-01 9.453699071721989311e-01 1.055341027747375593e+00
7.501915834310742826e-01 1.033028956020951794e+00 9.229572813510860119e-01
6.949926599660393167e-01 1.258375565790222028e+00 1.068861192935746995e+00
5.827972617639857189e-01 1.313808074636479084e+00 9.308999272794780122e-01
6.484934263659294373e-01 9.541560855448600886e-01 9.272334595922285816e-01
5.289780983153529181e-01 5.525738988524447892e-01 8.635371646293229508e-01
1.339567050561937700e+00 1.565348155486750770e+00 1.193741118011167446e+00
9.893131488160051834e-01 1.246322800291220778e+00 1.157567623602719253e+00
8.519654829609746294e-01 1.191705888107625677e+00 7.514121043304307079e-01
1.025260470376466504e+00 9.982562872121381048e-01 1.213806124888472393e+00
1.123147952231282165e+00 6.413975102451421328e-01 1.371334861712576680e+00
1.464372757975903383e+00 9.236293660846115472e-01 3.240239125932121711e-01
2.538336236619896935e-01 1.858724841483900159e+00 6.758766510678424488e-01
6.617032981662435143e-01 5.153993156057048441e-01 1.445997599611008599e+00
6.794851102618254535e-01 1.096276315716191885e+00 1.134915960188940476e+00
8.447122879556049346e-01 1.142466350485733750e+00 9.703026359357320718e-01
1.199926193782492545e+00 1.008695497674804598e+00 1.158689335742956406e+00
1.144752807365209790e+00 1.318337998854961501e+00 7.037164481316756648e-01
8.734604197797581904e-01 7.878427814885599068e-01 1.253070835830597307e+00
8.785454276213272573e-01 8.282380855796845909e-01 9.263101238777746715e-01
9.032689248801626380e-01 1.135060219463718489e+00 1.023995722139257492e+00
1.643126869945586543e+00 7.828409684156564241e-01 8.430050665627042417e-01
9.235742453949481456e-01 1.035297837500246843e+00 1.002561994272307855e+00
5.756875710656323974e-01 1.090702690151156506e+00 8.528298633221903513e-01
2.239440907980888018e-01 3.773083614555747256e-01 2.437458193785770888e+00
2.682456198609742271e-01 1.412240912731003162e+00 7.584859189548107672e-01
8.667848300783982662e-02 1.147285350982848673e+00 7.554857449102321265e-01
4.879265832419669158e-01 1.536366601089524941e+00 7.993174713009119081e-01
2.042799020299669088e+00 7.777322414080295454e-01 1.040609049207337877e+00
1.652050983522888927e+00 1.068221297844478945e+00 5.064540919199744806e-01
4.900318590830713417e-01 1.003054672514094081e+00 1.382692579682735845e+00
1.052795778358289969e+00 1.066159111604180421e+00 8.334561726747662380e-01
1.483523516732659697e+00 4.891827183239744192e-01 9.998609125826158905e-01
7.962525412703540528e-01 1.430135553960957484e+00 1.046465138883496238e+00
1.129882911782514654e+00 1.139886242040188735e+00 8.766647116904670023e-01
7.643568372095259633e-01 1.278811024104904881e+00 1.088833717510053312e+00
1.034832428045864949e+00 9.738725050949326167e-01 1.110892990362502442e+00
1.089137306816495121e+00 9.282173584112217712e-01 7.880909025996869488e-01
9.769241810500297607e-01 1.260338459801053856e+00 9.762118116898866882e-01
7.936673057928446129e-01 9.043565368735155818e-01 1.136105916013932182e+00
9.153416622511382217e-01 8.611868040779736555e-01 1.412021974587067241e+00
6.358306412007186381e-01 1.278447112094630134e+00 7.329499369587734181e-01
1.138281563451551293e+00 1.084199511970443730e+00 1.145973244306530470e+00
9.762582443439974389e-01 7.118719695137391001e-01 1.419410011055835641e+00
1.497061853190948755e+00 6.923292549816711938e-01 9.982858958944058614e-01
1.387926149421131017e+00 6.616603133965848205e-01 3.021643649152618849e-01
6.559999466246102529e-01 1.339506030305768203e+00 1.042693349925070123e+00
9.130685657209609563e-01 1.407664858525760287e+00 5.306488058317125889e-01
3.354739159461460618e-01 1.347437325959005117e+00 7.751324032016254639e-01
8.093988033676801086e-01 6.212988607128123730e-01 9.818543126787913078e-01
1.441907726242096954e+00 4.124097678434648917e-01 1.740072914556332728e+00
1.178898078791433157e+00 7.238707829041910458e-01 9.456363019004726533e-01
1.255901260868417024e+00 7.556874342646113796e-01 1.364805071899299449e+00
3.357165411442032954e-01 1.231941562001388935e+00 1.622979982688752765e+00
7.568099175084849195e-01 9.522843536994319846e-01 6.593692329043244760e-01
9.914618289559873343e-01 9.064051413500765486e-01 1.071371248843715707e+00
5.199682016754078040e-01 1.708485792151215987e+00 1.178330033996637383e+00
1.674362683706341226e+00 6.253157023008212301e-01 1.468023763481157928e+00
7.602644966724535491e-01 8.865706825191641549e-01 1.401415376780580369e+00
4.084017637073229512e-01 1.554589113058733041e+00 9.225822444189202276e-01
1.491311230107394969e+00 9.267927753649422007e-01 9.433466588082966009e-01
5.801799838773950002e-01 8.648459049641081808e-01 1.713200344803530006e+00
1.340926968674197362e+00 1.098611426354617837e+00 8.261883419552836783e-01
8.350343934175791238e-01 8.507296334900025236e-01 1.352219931005776532e+00
5.605273514199909934e-01 2.563241322904397101e-01 2.262030371965778830e+00
1.004441307821961393e+00 1.403806188510247743e+00 6.210188898003903279e-01
4.262680100914849057e-01 5.625825550904366423e-01 1.570557525436639512e+00
2.605041415730867116e-01 1.700754071184685134e+00 2.685683177114923659e-01
1.085854620501846668e+00 8.494643090029004862e-01 9.624544560682021244e-01
1.890491602041063812e+00 7.740842195286617988e-01 7.379004157536417363e-01
7.964782380052027877e-01 9.858483784123412974e-01 1.623402014818114081e+00
5.834738832339535497e-01 1.023577631315933489e+00 1.299583533271271962e+00
1.217632341079649461e+00 1.346696351631859967e+00 9.200416781742644101e-01
5.959153996246775442e-01 1.260354514322524544e+00 1.307611424807124223e+00
8.960965271263507947e-01 1.525776858861574325e+00 4.868133533041016370e-01
1.191075856241114117e+00 8.190919006601935504e-01 9.647335889183248359e-01
1.301468500739123346e+00 1.312333138554024003e+00 5.687084127471667694e-01
5.999983493457043959e-01 1.086157809006783603e+00 7.265962071624479934e-01
9.414884094741804432e-01 9.311862310119656261e-01 1.136220773039071874e+00
1.824642526843198442e-01 1.407209912875448943e+00 1.284714824853574910e+00
1.023652632469289170e+00 1.234680836029893092e+00 1.013663898536838248e+00
1.856266010920029297e+00 2.635259713705099816e-01 1.324608433908676997e+00
1.109093250254971741e+00 1.160593601849989831e+00 9.796433519304630355e-01
6.624503406195217936e-01 6.627919554613622699e-01 1.488364156182950815e+00
8.649504287956342186e-01 5.578087408678503722e-01 1.837625606982439486e+00
1.093152209563806876e+00 4.405802997032755020e-01 9.923797667254402599e-01
1.134187876168883724e+00 5.488480939334378084e-01 9.810766503068963917e-01
8.828241512718772999e-01 1.086661946649577049e+00 1.441793133109218639e+00
1.406439394604481752e+00 5.389092291556343284e-01 1.062155693517854882e+00
1.017930524910682921e+00 9.261553197274934313e-01 1.104445230030721037e+00
7.222240955065487578e-01 1.340607226627084980e+00 6.828443786964802920e-01
1.082536516917314895e+00 7.475105288816966675e-01 1.325516080274151909e+00
1.410417021424835049e+00 1.347647015377642532e+00 8.483536713321836453e-01
7.745437303478036606e-01 1.111960168345819788e+00 1.105124344294303729e+00
8.429223502512308563e-01 1.075139868977784463e+00 1.199152164456531278e+00
8.143951170064025469e-01 3.839257494921807234e-01 1.699511078194661184e+00
6.025128481643277079e-01 9.748668320135402965e-01 1.360823812954140122e+00
7.866054987761401662e-01 1.425381950778641604e+00 9.256668806476077149e-01
8.467717774144540854e-01 7.860679162748706039e-01 6.971944782790807649e-01
7.805878081874094709e-01 1.013619033815391424e+00 1.249039081209960544e+00
4.547570951846026110e-01 8.319100433446768861e-01 1.949281525828190809e+00
8.474181965352789447e-01 6.540020613377839354e-01 1.880570931713746230e+00
9.553397391268971806e-01 1.779058219460650569e+00 2.775604860219672010e-01
1.602737115198225037e+00 4.207867593319959409e-01 1.473201232218319889e+00
1.780598276073880992e+00 3.749087286413920195e-01 1.355786399577661339e+00
1.710271706890905019e+00 1.335321465628578619e-01 1.654005000627564170e+00
4.695766850150372984e-01 9.786888873802942479e-01 1.524685276445544080e+00
1.191313668552933303e+00 1.272114136132696416e+00 9.068213249712663293e-01
3.616203698018268242e-01 1.212656766846027745e+00 1.151820530199307857e+00
2.430776388210596217e-01 1.314308841541820927e+00 1.031175706454187546e+00
