1.078127363035974007e+00 1.259526459721946878e+00
1.211051708471059474e+00 1.268820594180320782e+00
6.847897981357542463e-01 1.270246467575111282e+00
1.614371604010515382e+00 9.272810832424324134e-01
1.356457104903196598e+00 1.147645348637804874e+00
1.699083350758792355e+00 4.823542101937055016e-01
1.406063435278403606e+00 1.730384239090638987e+00
1.526459348910551128e+00 9.955521014797273915e-01
8.658174158871355663e-01 1.500462958815103276e+00
1.034415153559047562e+00 1.610730743932626829e+00
9.520841967283771856e-01 1.482902356662939569e+00
1.080020617748436607e+00 1.440930418462742724e+00
1.309689976364814434e+00 1.101955086974252929e+00
1.626772711340131350e+00 9.663661634631097730e-01
1.372189090881460016e+00 1.528559679143923766e+00
1.087630169134675029e+00 1.124373973707198937e+00
1.609700857993273448e+00 9.299245823757966711e-01
1.146261565373240421e+00 1.146875288366506540e+00
1.253291227809585573e+00 1.327788204225234248e+00
1.232101313297210510e+00 9.722493961181500888e-01
1.458077430218039705e+00 6.792344028186440008e-01
1.105926655052085206e+00 9.435072408237834551e-01
1.056948006581965416e+00 9.373989918370230212e-01
1.208910436541632327e+00 1.077042183472397996e+00
1.150210285891852369e+00 1.291872757885801137e+00
1.083625065603181392e+00 1.285625198265404556e+00
1.032374819265338806e+00 1.255538804423284471e+00
1.038889471379221163e+00 1.068275562991817029e+00
1.237499709403638404e+00 1.025864753290709697e+00
1.201493907057801236e+00 1.064546217907005987e+00
1.140337354121382374e+00 1.103235810357057201e+00
1.419440076372845860e+00 1.141759482244576018e+00
9.515255316770485639e-01 9.895986985179727746e-01
1.061294258151534109e+00 1.374604139045822127e+00
1.486731292972212959e+00 9.313405913178799400e-01
1.495343327195782557e+00 6.037026722739760043e-01
1.429098389247414946e+00 1.077226676743182843e+00
1.180349477455205465e+00 7.351622612316615069e-01
1.891879956631981718e+00 6.089805837536442779e-01
9.361409825964595033e-01 1.374361704332350165e+00
9.123017094865342180e-01 1.101900322962272583e+00
1.243494776801110424e+00 1.263549744373220651e+00
1.015942516574893872e+00 1.333573582483251307e+00
1.088147462892006700e+00 1.312631429840595887e+00
1.250258024410955571e+00 1.451275963518079859e+00
6.725190278127639587e-01 4.794250927983641497e-01
1.086599321612621960e+00 1.818969028459183068e+00
1.376034283062878227e+00 7.319165824774156448e-01
1.926820350892239686e+00 1.276394150458406873e+00
1.280777596589677270e+00 1.040815526205901120e+00
8.826336417566309489e-01 1.625104136170003155e+00
1.123615546543444088e+00 1.215042131526375746e+00
1.241766152979012938e+00 1.033611059895954476e+00
6.709033413436865656e-01 1.444646675620581577e+00
1.479069677792105075e+00 4.941454053727661333e-01
9.197292847632099200e-01 1.400635826543168871e+00
1.355611166719928873e+00 5.208986161260740211e-01
1.030138591198857867e+00 1.489756022717307005e+00
1.139563541155554915e+00 1.454203998537022757e+00
1.759339950251615381e+00 5.670942003854541058e-01
6.495138673676309482e-01 7.158657161001379388e-01
1.305660626894729281e+00 1.179539044364777522e+00
1.145835871541502016e+00 1.619890010992079299e+00
7.216418053738525851e-01 1.370452437955356428e+00
1.177926879415301054e+00 1.124483706568921049e+00
1.120228924151375427e+00 1.112811616436406359e+00
1.501474777366576863e+00 1.128524497597679588e+00
1.325203358209795068e+00 1.380912407646846418e+00
1.033464238235804800e+00 1.260765861068223970e+00
1.118509757814640571e+00 1.147829756349114216e+00
8.944620583450739737e-01 1.415973352275136543e+00
1.045080850019845187e+00 1.155490703974694666e+00
1.473837540307198601e+00 1.202656186491375401e+00
1.076169468288867836e+00 1.216953100829458734e+00
1.379816260795711846e+00 1.317943591532314551e+00
1.436573439852343315e+00 1.187957988038676138e+00
1.123185987703852806e+00 1.242001953482831267e+00
1.086526616369284604e+00 1.059526769062499651e+00
1.382197710789716316e+00 1.066439201176502038e+00
1.294145242354447278e+00 9.983109064102202446e-01
1.289317435433799064e+00 1.106690408793659097e+00
1.524414913073154798e+00 1.274842440875590954e+00
1.044400167320572947e+00 1.455292934602647081e+00
1.413537781665605397e+00 1.084886681248921070e+00
1.102126078369153106e+00 1.233042051652568194e+00
1.001629213656386908e+00 1.100792201496630485e+00
9.032399246129948489e-01 1.442312073607542544e+00
1.236964530333371837e+00 1.269225558673154231e+00
1.175969793663469432e+00 1.100433940238121799e+00
1.119511006828902477e+00 1.508670666757619072e+00
6.454246563071971421e-01 1.194523926216393583e+00
6.036116376353595214e-01 1.910261016163456116e+00
1.309593950048881128e+00 1.114179333680871187e+00
1.187373713157782174e+00 1.111924659979569130e+00
9.401602686906296302e-01 1.156633070545337372e+00
1.215402763029740152e+00 7.927180725374304293e-01
8.173550777504166032e-01 1.301561352879377464e+00
1.301170946047000676e+00 8.692503302430801826e-01
9.651835236373960125e-01 1.389904303435801847e+00
9.417438791016742305e-01 9.054300519151444737e-01
1.217783373295244997e+00 1.057781627746124276e+00
1.273570200057070556e+00 9.204439177237015990e-01
1.256492199950734578e+00 1.050387105542735622e+00
7.754567035060270230e-01 1.064099972711391562e+00
1.140898587944556564e+00 1.177172597054424230e+00
1.068209652730381487e+00 1.153601009283379941e+00
1.221787766550783916e+00 1.014075437197418106e+00
8.891000969963147593e-01 1.332884665296332649e+00
6.620785615697688531e-01 1.782460855193900517e+00
9.650683730545772665e-01 1.340182141956609563e+00
1.126931826766489619e+00 1.159673621940524368e+00
1.265311852681426874e+00 1.043834253657641487e+00
9.989035252336407877e-01 9.273889751289778882e-01
1.339305322701486167e+00 1.109882987331252568e+00
1.159636914302995425e+00 9.758587650714501960e-01
1.105825328381542683e+00 1.212794864069609790e+00
1.366177781732120122e+00 1.034039184659035326e+00
1.226924893855553034e+00 1.273862055438843344e+00
9.866461236631047793e-01 1.657569283926944914e+00
1.365058199966549646e+00 9.011570996791785637e-01
1.452601767571807034e+00 1.208501526915394919e+00
1.133993842242010608e+00 1.155076418162325869e+00
1.257892379913378100e+00 8.279434035421547877e-01
1.369437754519727157e+00 1.232290566619082650e+00
1.214491125810408301e+00 9.423845230118870209e-01
1.152361350807927787e+00 1.124908550465877566e+00
1.275735531279897916e+00 1.355434577307622845e+00
1.300650340074639200e+00 1.353111185185915000e+00
1.144939619133168440e+00 1.233507623367929629e+00
1.034684686605423787e+00 1.092876114888263084e+00
8.945472736930083490e-01 1.101304444156375517e+00
7.612987252222669365e-01 1.874157909915027398e+00
1.326183345207330166e+00 1.350428770880341967e+00
1.155840325213436159e+00 1.291854916151519816e+00
1.050872578556011128e+00 1.422682758902350075e+00
1.337168781512847904e+00 1.207384534690590039e+00
1.285760087296519805e+00 1.185794555099293657e+00
1.391888822164799366e+00 1.129076567881945659e+00
1.267510157293331607e+00 1.256102924275657839e+00
1.370219403357310295e+00 1.107163920891671705e+00
1.880403524413483130e+00 4.203303618363120053e-01
1.191141208866792978e+00 1.158310618120522717e+00
1.190827175622276579e+00 1.170046583844967847e+00
1.123169978716419104e+00 1.132449652134078555e+00
1.119571398254374461e+00 1.446826089557955441e+00
1.844792891825756120e+00 7.827598557141089985e-01
1.202266595545121941e+00 1.034214083454702449e+00
1.203376931581356724e+00 1.268733040565276582e+00
1.021322160284047209e+00 1.112535138824770842e+00
6.912016739075251825e-01 1.773308334404630537e+00
1.398128746780921805e+00 1.303542179873659723e+00
1.271811277000640228e+00 4.693145873265164858e-01
1.222986277618417938e+00 1.424978427557600291e+00
1.623666743460375095e+00 6.667519208887334736e-01
1.094742948145279060e+00 9.580580090811606775e-01
1.326307504579797625e+00 9.036993762918500428e-01
1.321452643812817795e+00 1.218717892087807231e+00
8.760076960672722457e-01 1.550010700962783261e+00
9.509102252953027801e-01 1.780397837918169524e+00
7.439136456084796123e-01 1.552373379696461830e+00
1.284067784346632379e+00 1.036181005708738390e+00
1.672066191832514814e+00 9.966160569449634687e-01
1.095115573928801878e+00 1.156758020860229719e+00
1.113422732764580037e+00 1.385942328824010028e+00
1.522578749840618695e+00 1.434332515023736043e+00
8.355458813621307046e-01 1.056817534455997354e+00
1.082824317742657305e+00 1.148335269470692754e+00
1.452008531570255556e+00 1.107680872048492304e+00
1.267453857985663790e+00 1.601640972895912896e+00
1.145237286690984790e+00 1.256638229128090867e+00
1.185672629662715361e+00 1.112051033603784767e+00
1.089809629271500047e+00 9.297769178905329612e-01
1.131496449111722535e+00 1.381459103984415959e+00
1.383114530043509260e+00 9.568124713524951419e-01
1.486904568974826146e+00 1.153759590947422087e+00
1.465877521394976180e+00 1.390621242022859638e+00
1.283460615251153847e+00 1.159061262087326183e+00
1.132981231143956657e+00 1.334739827425130532e+00
8.300825688998531016e-01 1.245892584046064178e+00
1.018994621498635178e+00 1.204458177865407098e+00
1.308745014946095964e+00 9.512945111303592327e-01
1.228192579741544499e+00 1.386698722805106199e+00
1.214423078222743868e+00 7.878863971239921105e-01
1.041400115111767777e+00 1.069847625704021477e+00
1.070512095278703502e+00 1.219951788495244660e+00
1.276669563891855930e+00 1.177307484305591512e+00
1.611272251986578308e+00 1.026530114656209580e+00
1.230847175077828259e+00 1.232816441093892657e+00
1.662601408019775739e+00 3.890214396343615877e-01
1.220813345737353117e+00 1.291187608673803222e+00
1.515513374628193688e+00 1.453887465126686429e+00
1.231325947259360953e+00 1.224926875034173079e+00
1.689199227587106389e+00 4.470928115051632235e-01
1.184724984470935993e+00 1.435263944682836135e+00
1.613078732887314404e+00 1.107820883569735182e+00
1.297706945714543814e+00 1.077154371976800418e+00
1.005202234162770880e+00 1.286787487708244360e+00
1.311931320592529371e+00 1.028306040538210731e+00
1.451729073327751474e+00 1.369434492727916286e+00
9.366855242084805022e-01 1.410621692251092352e+00
1.236733052732800653e+00 9.142676086525698409e-01
9.677014791015254858e-01 1.304390479354745613e+00
1.483189737128303820e+00 1.191405454446868184e+00
1.198785260808864050e+00 1.129074938419744045e+00
1.455055392569071460e+00 1.199932177604179806e+00
1.517283670444800281e+00 8.453725156394775730e-01
1.210506303029157849e+00 1.119295312003512288e+00
1.078446715746224749e+00 1.589991025115597978e+00
1.379924627684446126e+00 1.168945544173422890e+00
1.068376976655752264e+00 1.210008608194735213e+00
1.210417345395589983e+00 1.202005644414851915e+00
1.271561007972341617e+00 1.143253231961109062e+00
9.758032525785337308e-01 1.399120546399263310e+00
9.569325777535805377e-01 1.576134101025465695e+00
1.353479109328372232e+00 1.263392103720889503e+00
1.236947499601872114e+00 1.345020165165438542e+00
1.204065368651574541e+00 1.204828086410950405e+00
1.498406254359442968e+00 9.776150189856477324e-01
6.047485353147317166e-01 1.818303414325551648e+00
1.481572191832001728e+00 1.086544074234104817e+00
1.299498729575055966e+00 1.178313734345311392e+00
1.114456901695585866e+00 1.161135691030953376e+00
1.309390073684909117e+00 1.299333828847583083e+00
8.823666334764908026e-01 9.624525873662383990e-01
8.520756677381733368e-01 1.388318919923760220e+00
1.301574911715918326e+00 1.355574038355660926e+00
1.388884266338396678e+00 1.330224545230294764e+00
1.336009376190264275e+00 1.230361227167904081e+00
1.571245772282947817e+00 1.051809830432096859e+00
1.257618165054929849e+00 1.067980371216474822e+00
1.317747247959547785e+00 1.317193893048013820e+00
1.288013409412318788e+00 9.621725531358826800e-01
1.144667486997648087e+00 1.122887496591521650e+00
1.216399823695808680e+00 1.331381439196083205e+00
1.407133194958924305e+00 1.171741449832818693e+00
1.529071625766899034e+00 1.256079227330443082e+00
1.112252821574844841e+00 1.135123432631239604e+00
1.384240515493882384e+00 9.285578297217114141e-01
1.081810598031450077e+00 1.319710239369226823e+00
1.182173604937539979e+00 1.113459642682036455e+00
1.346136284130009519e+00 6.179919888568697894e-01
9.690164736350183050e-01 1.428525408638955607e+00
1.650325077677364360e+00 6.425349006057851087e-01
1.703605301108195968e+00 1.293076644429621336e+00
6.840105539214095254e-01 1.519885176295463713e+00
1.302957625411229170e+00 1.115708586423557414e+00
1.213936309872615915e+00 1.223770734614700428e+00
8.084605816382659516e-01 1.402505109876156508e+00
1.235150970673457582e+00 1.165106260337635424e+00
1.827004282416810454e+00 1.140850494936387349e+00
8.579467219829667313e-01 1.355110621903694579e+00
1.324890369043971283e+00 1.573264680634384849e+00
1.212370629917634446e+00 1.164315963157809275e+00
9.538929768937359777e-01 1.512243722122140310e+00
1.089345032504387856e+00 1.345732097741847655e+00
1.312407923830796630e+00 9.966727430391798537e-01
1.072161167499027234e+00 1.074787595276713859e+00
1.419290515815801346e+00 1.029398507382006889e+00
1.241448605489487100e+00 1.256235101039256508e+00
1.273088549846623785e+00 1.139764428386979445e+00
1.302010184398634474e+00 1.211706202461549031e+00
1.264252262789432146e+00 1.051858253116568109e+00
1.355974442370331712e+00 1.018627956610892005e+00
1.497722023904967115e+00 1.136333399029073599e+00
1.258470700164624256e+00 1.682713510293559089e+00
1.129443005719836135e+00 1.370699552327580006e+00
1.123742759192905227e+00 1.117826080194131766e+00
1.155595132557651894e+00 1.300349556232151649e+00
1.153502497020366890e+00 1.317337185891447993e+00
1.059577085348344605e+00 1.122008360625393664e+00
1.257414250910249720e+00 9.493543696882533744e-01
9.200275878298787013e-01 1.247797642501089710e+00
1.394608256306979044e+00 1.201611189214700559e+00
1.204417721344876568e+00 1.432925464613142852e+00
1.281558139721046707e+00 8.892337112813603062e-01
1.488740944155752199e+00 1.576687820756912828e+00
6.245085412384108192e-01 1.188925606533339119e+00
9.708004575181322648e-01 1.014628287586029964e+00
1.122199284216083059e+00 1.020032517621967560e+00
1.383777933119532344e+00 1.258195154660952220e+00
1.373373879610717996e+00 1.220378235235293207e+00
1.332225598025008839e+00 9.333057068361586550e-01
1.160454607146202965e+00 1.163760167430389902e+00
1.084961481336880862e+00 9.750454796571156324e-01
1.781868017953874173e+00 4.310840977954811248e-01
1.060977429436434694e+00 9.768253288787865918e-01
1.312728722100866774e+00 1.506577989651361138e+00
8.660224160719960373e-01 1.213126892338073581e+00
1.150123384817400840e+00 9.430741318029433051e-01
1.191324815093566691e+00 1.290307849016077313e+00
1.257458949990251984e+00 1.125847119517875639e+00
1.099288538907902790e+00 9.724416586976386556e-01
1.119350354297944827e+00 1.085802207184250356e+00
1.224866344374623051e+00 9.895253007077891017e-01
1.142658305989295853e+00 6.837837585116918193e-01
1.242410648560489328e+00 1.066116526464777392e+00
1.325971514525479567e+00 9.541038002174283550e-01
1.336339564885064446e+00 8.142661007371710946e-01
1.092872113041262638e+00 1.056850290130535441e+00
1.308845392080579151e+00 1.161223958628259334e+00
9.231063305155506882e-01 1.558803861481969255e+00
7.309987103061706959e-01 1.963849570422110613e+00
1.261802613013229157e+00 1.073255818465393752e+00
1.513470297641591467e+00 9.134014302043677036e-01
1.325323983410525930e+00 9.180876652484672995e-01
1.499061822753053219e+00 1.048748216117709742e+00
1.269327913933180785e+00 1.145890724450021825e+00
9.963422203625883489e-01 1.453500306667876885e+00
1.346960734704732321e+00 1.295814303746121610e+00
1.366035301578415906e+00 1.061576044036106392e+00
8.999664790745377507e-01 1.367308544174710594e+00
1.423514304126691110e+00 1.194956942841866709e+00
1.214669676636888962e+00 1.462118917313020461e+00
9.785615655956956260e-01 1.270021012199256338e+00
1.039432198509680161e+00 1.254741168716025701e+00
1.218327605156599658e+00 9.396186318856790676e-01
1.444673163038369568e+00 1.110898330618763419e+00
1.105079353340097326e+00 9.467493219448377406e-01
1.284982867541882179e+00 1.201540086292821607e+00
1.087023202424374002e+00 1.119891780129237180e+00
1.272823435772891365e+00 1.216070585866850129e+00
8.753386666241489422e-01 1.050023590959418884e+00
1.312506161861230369e+00 1.207976904580441602e+00
9.356641021649216849e-01 1.366524833661758365e+00
1.501481401669316318e+00 8.033260106467232653e-01
1.070812811283364585e+00 9.228729888668589787e-01
1.312731177002508742e+00 1.018467099941400056e+00
1.222979888964471629e+00 1.252769099562278443e+00
1.041694015763168446e+00 1.255602216339069432e+00
8.938519182093114246e-01 1.320006469859735132e+00
1.221419435591051261e+00 9.453725056754497258e-01
1.004923413420502953e+00 1.400981308525820257e+00
1.517830349645996835e+00 1.142487376056316117e+00
1.263494943247201574e+00 1.144170260152996610e+00
1.365451930013057646e+00 1.207932725256226192e+00
1.242609635396739520e+00 1.157365501127784801e+00
1.456977009655065824e+00 1.695302718315233381e+00
1.195174430407800248e+00 9.379643411585806279e-01
1.568518375668511711e+00 1.084870120864313892e+00
8.872029246013385384e-01 1.292241437074975074e+00
1.230083477245573986e+00 1.161640646034710178e+00
1.064639804675177714e+00 1.583778800843840706e+00
7.994857461022079059e-01 1.670507276008301289e+00
1.017829289217530686e+00 1.155098867299704901e+00
1.278104605432404783e+00 1.216658775447718943e+00
1.463189866586339871e+00 5.342763499031175645e-01
8.079453873921554896e-01 1.373211700609883401e+00
9.271207423575451578e-01 4.641833647404473018e-01
6.998431614772051557e-01 1.611298357000248593e+00
1.387945545350478094e+00 1.099821608108795923e+00
1.010788704454012921e+00 1.253125553804698589e+00
1.209296718408231275e+00 1.050307111330872623e+00
1.323258755849491486e+00 8.066129960733204873e-01
1.458161201806922547e+00 9.840580634814433125e-01
1.382892352021032778e+00 8.604841296079903668e-01
1.310247995947589228e+00 1.266308670636958622e+00
1.425904348471930039e+00 1.079772866251810903e+00
1.564347903065997913e+00 9.460611127588719471e-01
1.150859403199269160e+00 1.547315940608012808e+00
1.115158040101401848e+00 1.328045456845153405e+00
1.446056631693447114e+00 9.993676974864931228e-01
1.065286155105129584e+00 1.561524745779202972e+00
6.480412165248451428e-01 1.429794546883998541e+00
1.185837551279499191e+00 1.422424307463512116e+00
1.275658033906489797e+00 1.235647112722413343e+00
5.034663689729371727e-01 1.770933528545676205e+00
9.462906059934260705e-01 1.228006362109001381e+00
1.145163348395596747e+00 1.307097296241922280e+00
1.342667950777234775e+00 5.919581769512948233e-01
1.328901593885743360e+00 1.028516231088717481e+00
1.070220211278291256e+00 1.199759693551525341e+00
1.512064449372983344e+00 1.293297363167893010e+00
9.686487491153128460e-01 1.765285126444105623e+00
8.257661095463004752e-01 1.097722978886977563e+00
1.260790976046816336e+00 1.238720256641805406e+00
1.277097151821845467e+00 1.093134129721571535e+00
9.623529988824033321e-01 1.015494204828437441e+00
1.213773537445934858e+00 1.217251600203430373e+00
1.320907436727043471e+00 1.036056546809094980e+00
1.405627403607800918e+00 1.033303719085282069e+00
8.822489674315667774e-01 1.714982717904754317e+00
1.378799024375355398e+00 1.185979808765721621e+00
1.127727797750634364e+00 9.020056315023979865e-01
1.376654193071071841e+00 1.232070001156929218e+00
1.486215326567077666e+00 7.445930986852189459e-01
1.081175746412076366e+00 1.428009785710051105e+00
8.982396278511345367e-01 1.497944048711158382e+00
9.808731033632731577e-01 1.371522500328226313e+00
1.369804890618973259e+00 1.389431131578614087e+00
1.165635552451158574e+00 1.195568898672966007e+00
8.326848079409687742e-01 1.700702588749407829e+00
1.523591133823302135e+00 7.891102168003086836e-01
1.043033348259176707e+00 1.284524148626417617e+00
9.740304905455899886e-01 1.282932941263016602e+00
1.388072928172823017e+00 4.683489523188843484e-01
1.083043357035928356e+00 9.467438491931132738e-01
1.593625244583274148e+00 7.751617471529613779e-01
7.264144324089866211e-01 1.040147454387724713e+00
1.496174211454631475e+00 9.863255546671487739e-01
1.248618605152024275e+00 1.023159762436562703e+00
9.384512795151888076e-01 1.373815457692831199e+00
1.268584529459466426e+00 1.411915598049640730e+00
1.236022400731947135e+00 8.295872885788191375e-01
1.889748568752422475e+00 8.250498955049376804e-01
1.401117439320377578e+00 1.400792971505394835e+00
1.322706990102658686e+00 1.249940815384526172e+00
1.265552091684272185e+00 1.512810400853533022e+00
1.062821280720089634e+00 7.155250656871099402e-01
1.326600611221003145e+00 1.030619982679894298e+00
1.227766043091903292e+00 1.059263647930168473e+00
1.233326769700582526e+00 1.075542750612732412e+00
1.047048928745112795e+00 9.558191045795697560e-01
1.213796637402197565e+00 1.163183978237023686e+00
1.090784695096196133e+00 1.543388442068523547e+00
1.330632483091171547e+00 1.040907086916022850e+00
1.252141228657929872e+00 6.589708553733270024e-01
1.164887245998567522e+00 1.202948495357518022e+00
7.226315911274567849e-01 1.479811884591942572e+00
1.527651885170022039e+00 1.460861546712704628e+00
1.396597461098912918e+00 9.571559672684654130e-01
1.577904298831194430e+00 1.124672809019108488e+00
9.494761034240651876e-01 1.382773821656805291e+00
1.367266973107658767e+00 1.403555608216491279e+00
1.120480810821296247e+00 1.025585603130481749e+00
1.820243346200177914e+00 9.006687668157523641e-01
1.142359212142755709e+00 1.310524313371562943e+00
1.378473682645792842e+00 1.324955407759516479e+00
1.377299848070572041e+00 1.044485613866500628e+00
1.215298498277872952e+00 7.681524969980561002e-01
1.409335463661099519e+00 6.080316461739051492e-01
1.261026403788170436e+00 1.047286117548228868e+00
1.255978228525856943e+00 1.031948277236721445e+00
1.466058175026319077e+00 1.178389613314446249e+00
1.315205786998186133e+00 1.141146432835137059e+00
1.113356264898685444e+00 9.598775973105249104e-01
1.457321030732044553e+00 8.620332791236599013e-01
1.516798951441195475e+00 7.954432920303277088e-01
1.131172517046167059e+00 1.181673509320247506e+00
1.023043628422127149e+00 1.563012639186518671e+00
1.614248855513506165e+00 1.573052357490367426e+00
1.280763634997520439e+00 1.029283937599482002e+00
1.078091020345490314e+00 1.089468700544842461e+00
9.153674788618297864e-01 1.158354727216843072e+00
1.066733732208089869e+00 9.704502013417877215e-01
1.234994698047004791e+00 8.557822860241155460e-01
1.515650855962465071e+00 9.781700951207084049e-01
9.736555474302720503e-01 1.251789621704650468e+00
1.402419574651283751e+00 1.364650556499085399e+00
1.239753400148489781e+00 1.388541864739205822e+00
1.228036605922977254e+00 1.186594098573066969e+00
1.410460445692681031e+00 1.067645809035338678e+00
9.959739337156342520e-01 1.150691309379640925e+00
9.151391027618833718e-01 1.429791452713369049e+00
6.555594671629539905e-01 1.348975674934127067e+00
7.557107467537428347e-01 1.577590425377955352e+00
1.154145806711533551e+00 1.110816273200821325e+00
1.354425046760918461e+00 1.150810083298130060e+00
1.052455426644817837e+00 1.019964188626312884e+00
1.290934186562634922e+00 7.658465302152960286e-01
1.670350398561062155e+00 7.677520703916683731e-01
1.338273797836583068e+00 1.395955436404038519e+00
1.423107857425009337e+00 1.466120473574823890e+00
1.151410178089716352e+00 1.128100607419419532e+00
1.481166348462209070e+00 8.977071045802975657e-01
1.416551261306787657e+00 6.422915339783701327e-01
1.343433053941865518e+00 1.292063872812487579e+00
1.127170246734956915e+00 1.136974075476610890e+00
1.369657941833519077e+00 8.019940691163339741e-01
1.387525780110111073e+00 1.190133896686478732e+00
1.472008248096173810e+00 1.520095951447654192e+00
1.149066930049934987e+00 1.342740513013833015e+00
1.239614963501979084e+00 1.287134522509126189e+00
1.618891134577850499e+00 9.637286374311460069e-01
1.277571723691317995e+00 1.223944558213375444e+00
9.998702168398555523e-01 1.145433035038760927e+00
1.316052383404997750e+00 1.036373883162025944e+00
1.216334015638438126e+00 1.100033218811662383e+00
1.174875867684909370e+00 1.006443558017267037e+00
1.084230875963949625e+00 1.463296031435927347e+00
1.550111529280147726e+00 9.837781537523685449e-01
1.223672330971114830e+00 1.093989126835399839e+00
9.099716723613224811e-01 1.676194285963406694e+00
1.329904944629876962e+00 1.153281122794382441e+00
1.106212971837892800e+00 9.746483994428456477e-01
1.136836333931854792e+00 8.268977599037656834e-01
3.592435457661619647e-01 2.226158319524466300e+00
1.631683195180891888e+00 8.738969528524219710e-01
1.280872783804650306e+00 1.232032053626039403e+00
1.228836030368458676e+00 1.136014997134741078e+00
9.142977484352671214e-01 1.429582395759057878e+00
1.211725621129722485e+00 1.197656496310139485e+00
1.221038979473288322e+00 1.289735452567768670e+00
1.200648986268030072e+00 1.451426634853332454e+00
1.045873499434574416e+00 1.109995215680835923e+00
1.237932317252461445e+00 1.477450584520031196e+00
1.526184137796911866e+00 9.321752346285618884e-01
1.676737267913318341e+00 6.196039815340858015e-01
1.002350816259234723e+00 9.910052609566681880e-01
1.431919511001062961e+00 1.093272956874654422e+00
1.286657088405923188e+00 1.198872304706204428e+00
1.202302891096995285e+00 1.345329776363619834e+00
9.480382605600612411e-01 1.159683599741577531e+00
1.580321498279313674e+00 1.140059062420359481e+00
1.151954728603022504e+00 1.008546334058478600e+00
1.232956162237426545e+00 1.251607907151983445e+00
9.784558749315573900e-01 1.309779693682842971e+00
1.089890131559374309e+00 1.312684961887992108e+00
1.141708980430161668e+00 1.214757099719744549e+00
1.133975440555260894e+00 1.029998557157978611e+00
1.451560132228253419e+00 1.020488397730834551e+00
1.688740369164023924e+00 1.036109534564378043e+00
9.931193020720845421e-01 1.455303936981073187e+00
1.198003302715971108e+00 1.239344316115848166e+00
1.355377109826378046e+00 1.128064634315188997e+00
1.215494219640165241e+00 1.399548838629032455e+00
1.509160509987499399e+00 1.236979559523495587e+00
1.088807895695965478e+00 1.131593589701094693e+00
1.073956656184971159e+00 1.134678974117660832e+00
1.340284039897829960e+00 6.590543434257183364e-01
6.646053123308640620e-01 9.901253943050286610e-01
1.104554229766074647e+00 1.111916623993749464e+00
1.307229012780202204e+00 1.190799608303605428e+00
8.176890423312132006e-01 1.834677466974635074e+00
8.786746344582242463e-01 1.539121063926089716e+00
1.299144440859947514e+00 1.147700039163491725e+00
1.066178213457725121e+00 1.404073067927813057e+00
1.206025396366207092e+00 1.731874127582376799e+00
1.124265554266797640e+00 1.261988610015463808e+00
1.178990319206886017e+00 1.491239388995729165e+00
1.269507010877831021e+00 1.067134989978553161e+00
1.300707910225210595e+00 1.174437743366507858e+00
1.106708555421813678e+00 1.363128755979767792e+00
8.585164069068914605e-01 1.765785989094721842e+00
1.084346844739057403e+00 1.809052121021376580e+00
1.075549092360038594e+00 1.141250365836764979e+00
7.869296245715792226e-01 1.452015207197771440e+00
1.091510993267092333e+00 1.187369500637646347e+00
1.203026616118102687e+00 1.438348214400459568e+00
7.298486067362618401e-01 6.908085978012131756e-01
1.266050536995549036e+00 8.441589464795838937e-01
9.068107990734068924e-01 1.347154600288702486e+00
1.583144306839636917e+00 1.442900149279321198e+00
1.379031144931712749e+00 1.033740192202087238e+00
1.403257340590580382e+00 7.659111438181328557e-01
1.301873329904879917e+00 1.231453631682191574e+00
4.319040061913155815e-01 2.061751354782669576e+00
2.253618089481036257e+00 9.635464485169634163e-02
9.422435376961152409e-01 1.389689646167961756e+00
1.203903340553353241e+00 1.243872917442904402e+00
1.047739502044260140e+00 8.640077893575804913e-01
1.326876865737193656e+00 1.074706798982094424e+00
1.309285213601981246e+00 9.426558940610668680e-01
1.072481356077681136e+00 1.176741531248997719e+00
1.583678693901838130e+00 1.425792651652979970e+00
2.295247770152246680e+00 1.278563582182924208e+00
1.437891193318876271e+00 9.082244927541719415e-01
1.920668108299628862e+00 1.023753211434224930e+00
1.276159843555781270e+00 1.393016555103073539e+00
1.055004100198525530e+00 1.181993187155550462e+00
1.442138222621662580e+00 1.445072718786153843e+00
1.127803081960448317e+00 1.456738595275270054e+00
1.584455182798506945e+00 1.134348799289070620e+00
3.934999289511890153e-01 1.227944887935717322e+00
1.276941995362134818e+00 8.699521692141655160e-01
1.321680969200170530e+00 1.216965558085412846e+00
1.254379841927939054e+00 9.685262106330110310e-01
1.226455679947390687e+00 1.101896039420467321e+00
1.084133471589053155e+00 1.422193154177820773e+00
1.219730454051819235e+00 1.074624850967177192e+00
1.397594942977856025e+00 9.643554304563436430e-01
1.490182738389782324e+00 6.128034628450473864e-01
1.145367482860419450e+00 1.119064926675384486e+00
1.128500021199086323e+00 1.079763962879411343e+00
9.544938809739513808e-01 1.291847742804875798e+00
1.095704500712579188e+00 1.277087700127837122e+00
1.111609527828184563e+00 1.305804364103827719e+00
1.493750413528677656e+00 1.455841842988203405e+00
8.247946152439930012e-01 1.824377912391738077e+00
9.988186754301554560e-01 1.360797916148376085e+00
1.182170602879121235e+00 1.184264687671478411e+00
5.417642086716523142e-01 2.454710385825398689e+00
1.328237486686964841e+00 1.288913046764468273e+00
1.301840876954640791e+00 1.267223165710584354e+00
1.318268128747247525e+00 9.450149117715348490e-01
1.496066012455224081e+00 9.331931832028548257e-01
1.220770662835847009e+00 1.694965126688290136e+00
1.726010085479741107e+00 6.716813234445888625e-01
8.911658969157010279e-01 1.165521139063729006e+00
1.228277972841518295e+00 1.279968909710355041e+00
1.407527200938826439e+00 1.239021975878862314e+00
1.411724633927801786e+00 1.195675045502994749e+00
1.114478086503330800e+00 1.167652462189497253e+00
1.474047368090250831e+00 1.320038812488905977e+00
1.491422945480010309e+00 6.309929419917598148e-01
1.117291645696509850e+00 1.234933034903320959e+00
1.175771184137985426e+00 9.998272244186053870e-01
1.004545286531534076e+00 1.497939035069736802e+00
1.521165677372269931e+00 8.469364518132133091e-01
1.251439785883085687e+00 1.025462338517078908e+00
1.204964231440862399e+00 1.390087808423353222e+00
1.140105749703416382e+00 2.946195392848380834e-01
1.374514408792584907e+00 2.785542470650430591e-01
1.174479382328639909e+00 1.103539899549614622e+00
7.977500911749904056e-01 9.992333764609369062e-01
1.243552489776248438e+00 1.159454496764335651e+00
1.566838386595486687e+00 1.177646607581367855e+00
1.428287690789776354e+00 7.199860961138037085e-01
1.733989019728894521e+00 1.217184316098559801e-02
1.342331486732994517e+00 9.027666238223318596e-01
1.255238737106916913e+00 1.079038452155645977e+00
1.783069734148006402e+00 8.420478960283572789e-01
1.711275990467570951e+00 1.233119026505482552e+00
1.077244029501097211e+00 1.440847540476980937e+00
1.578688492520807340e+00 8.330204433574948109e-01
1.455434120013571420e+00 1.221134166473551996e+00
1.110539164203278695e+00 9.839055898780683096e-01
1.001095108254632216e+00 1.170948035745030369e+00
1.244646399699929962e+00 1.118568464048045330e+00
1.361870414079767055e+00 1.347216786607555727e+00
1.232112029951191623e+00 1.208295736692871047e+00
1.311496308748286044e+00 4.494804107067151833e-01
9.586169209671754343e-01 1.431128640225822313e+00
1.398839397930483841e+00 1.359986899956330930e+00
1.371020741782564833e+00 8.965363504340962963e-01
1.563060641005914464e+00 9.164732824737087391e-01
1.297204180635532778e+00 1.118804795900889104e+00
1.317703296863904416e+00 9.893574406709803037e-01
1.306761235937306642e+00 1.333469019962412183e+00
1.581805027261472762e+00 1.267544176472104267e+00
9.484225419873006935e-01 1.226030168631052408e+00
6.575709969291327894e-01 1.133848839188815072e+00
1.300013771270139840e+00 1.254743202503583843e+00
8.479798330978890464e-01 1.521941309050418356e+00
1.185250716084632172e+00 1.276288209199794244e+00
1.385697315035340660e+00 5.372298779918966982e-01
7.419538570177228731e-01 1.859484106895073818e+00
9.347778094791114878e-01 1.762240440595615576e+00
6.399306128526258686e-01 1.618789005418757032e+00
1.146477918962286013e+00 1.684707336627154550e+00
5.383542425377199070e-01 1.575753420037642627e+00
1.061904891333635748e+00 1.023455249878883144e+00
1.210454745673046117e+00 1.237014461909861973e+00
1.253074942346301901e+00 1.294804516884810131e+00
9.440257573891798204e-01 1.582520890552876258e+00
1.191150057635359749e+00 1.137683581191249349e+00
5.266811574083060110e-01 1.862018868513836800e+00
1.128874223205030169e+00 9.978202067078307813e-01
1.066602925887657483e+00 1.546658007155510717e+00
1.490813578682500751e+00 1.153057281935299994e+00
1.359064452084051577e+00 1.007007728832625126e+00
9.823024593727153198e-01 1.765444636296203740e+00
1.346213429963351027e+00 1.023320589062481689e+00
7.859864202805975086e-01 1.554797954364223411e+00
1.665974760698734958e+00 1.441861631685612322e+00
1.626199590462496847e+00 1.068807224554591206e+00
1.100184361499791486e+00 1.221548343497546707e+00
1.380915117593697339e+00 1.335843383977446397e+00
9.977124775116816835e-01 1.068899691779130467e+00
1.558800144567980217e+00 1.067491313597320746e+00
8.349489088629152844e-01 7.321168117409869724e-01
1.095383420691051324e+00 1.241453261284647835e+00
7.223776605541826212e-01 1.252752386563169784e+00
1.503239822669471648e+00 9.913376036020856708e-01
1.048923820048823785e+00 1.170758067161024041e+00
1.569086785084222946e+00 8.934940036754455139e-01
1.124272215554851018e+00 1.510886647262275728e+00
1.332991506785506486e+00 1.359078254798098406e+00
1.536633007317285804e+00 1.216829115795671878e+00
1.486096878597392479e+00 1.469590785085092888e+00
1.394903255740123749e+00 8.880563175360035588e-01
1.743528581126618127e+00 6.909270718573827796e-01
1.373322667488179549e+00 9.553446311481436082e-01
5.701801955536143218e-01 1.129875044473479750e+00
1.509880904581379468e+00 8.315124122543996465e-01
1.158530066023574445e+00 1.225274311699188878e+00
1.242138373289425335e+00 1.252426359672356382e+00
1.519317853238215221e+00 1.468281631718067803e+00
1.342437802368080968e+00 1.269226447630098953e+00
9.348730174029000750e-01 1.359656304454059939e+00
1.078925317064044709e+00 1.075972449274886111e+00
1.297954281043646629e+00 1.129519904904011218e+00
9.720705877349277158e-01 1.433614434210807032e+00
9.468849550210737265e-01 1.650072258502073730e+00
1.318002557742343317e+00 1.281487555433060477e+00
1.674833016839164523e+00 4.300153670328802913e-01
1.351477134183113327e+00 1.065698477498249197e+00
1.369303755736441808e+00 1.016085877233058099e+00
1.092715018259868165e+00 1.342242208502399281e+00
9.975941109649436589e-01 9.629273190648292013e-01
1.125058948351985055e+00 1.461704395738931517e+00
9.212136223516139699e-01 1.574705749127188525e+00
9.756096350420460084e-01 1.603590752749134873e+00
1.056995013605128930e+00 1.251442760487178951e+00
1.464822299374229031e+00 1.331058961000044505e+00
1.317247379352517678e+00 1.138463022076898312e+00
1.124657436869819227e+00 1.507185798630241935e+00
9.516544314231093482e-01 1.246956719874489528e+00
2.087612117694269021e+00 9.682399793409801614e-01
1.395404313541454444e+00 1.338170456529802710e+00
1.411976130295847343e+00 1.144500052390577949e+00
1.082158567809536898e+00 1.357882834745504752e+00
1.010007735545453533e+00 1.348436221870291885e+00
1.239026537333595135e+00 1.285971596280921281e+00
1.176631378202545264e+00 1.302801972343206716e+00
1.341640916101407122e+00 1.251434251670960007e+00
1.223919584334751232e+00 1.165250417785528736e+00
1.142259652092312283e+00 1.808441830933700478e+00
9.695863417102088544e-01 1.143687279734633799e+00
1.700654355342422264e+00 1.051156053342383156e+00
1.672127923965430085e+00 7.041811246041724814e-01
1.997204087094008873e+00 1.275719741247749228e+00
1.224940701525752740e+00 1.342049063287862776e+00
1.246554364161211570e+00 1.152536201278648864e+00
1.371145471576739494e+00 1.516869078316385844e+00
1.121400283191141378e+00 1.052191781769914236e+00
1.054693861390526344e+00 1.297458665119732402e+00
1.208793591736653461e+00 1.150688383149949923e+00
1.272029407210203189e+00 1.042268435382232683e+00
1.267709538316947215e+00 1.095425770429413914e+00
1.624781222071717046e+00 8.579907873139988039e-01
1.366711400346990013e+00 8.638464563504641980e-01
1.547861523752543933e+00 9.148537348240846079e-01
1.289421686937848976e+00 1.617073722319319229e+00
7.124683710428559857e-01 1.778958564632824757e+00
1.612968956341656490e+00 8.963349387168035864e-01
1.496562996043895533e+00 7.963204349193137022e-01
1.426662944532186339e+00 1.403860793112015282e+00
1.206486553322514643e+00 1.262200418090458465e+00
1.069428132560835021e+00 1.639262306924423429e+00
1.136083419453134180e+00 1.287184257113138663e+00
1.527876946166015326e+00 1.440696572388822982e+00
1.825943926586773181e+00 1.560797264043245480e+00
1.801088539854709847e+00 8.591703722628307727e-01
7.289617821257210473e-01 1.790325390414815754e+00
7.298975193850626431e-01 1.554536260088556832e+00
1.509245745923799120e+00 1.193369446612844387e+00
1.024982722588475781e+00 1.018468390084920072e+00
1.335667108763543887e+00 7.988450762301539942e-01
1.395683875010394814e+00 9.002018175233915676e-01
1.451235135357763939e+00 9.866070856852307003e-01
1.194386664641535312e+00 1.174432086996071600e+00
8.923527439068892342e-01 1.715702553020938881e+00
1.369118712831274953e+00 9.737225848763791936e-01
6.764812650957674478e-01 1.866712140904047024e+00
1.901438868970628748e+00 9.433256713913790170e-02
1.488457539518504902e+00 1.272913577662019291e+00
1.353710979128119218e+00 8.251741183797368651e-01
9.797234620040066178e-01 9.534484405270062801e-01
1.219271653042629744e+00 1.021007780194868708e+00
9.472448643301177862e-01 1.082428525233214867e+00
1.232176668110045892e+00 1.527855609429428219e+00
8.008739456022445635e-01 1.312466721442835160e+00
1.306595826063593702e+00 1.377214250027775755e+00
9.703166098870189549e-01 1.640205280585423253e+00
6.053122482250665737e-01 1.490312293237226360e+00
9.954153266733526406e-01 1.413654990110382759e+00
1.629984292263553680e+00 1.344175823857616248e-01
2.177734684864000680e+00 5.336727305345695394e-01
1.342205144636423819e+00 1.152958167933796130e+00
4.805825767874120635e-01 1.634554258574584917e+00
1.097692832902313675e+00 1.392237149820247266e+00
1.486096410604270668e+00 1.293702380442657729e+00
1.113798755042870070e+00 1.169012055969014696e+00
1.128589082356683759e+00 1.368029407001642772e+00
1.741412321691470533e+00 1.214934929933612739e+00
1.423860991926500841e+00 7.657058412403501269e-01
7.882215910876040343e-01 1.479652899710097280e+00
8.111924436648513259e-01 1.887112856507029202e+00
1.335967108742074361e+00 1.181543795325094681e+00
1.460575867925812510e+00 1.024963962939096307e+00
9.626021545187911643e-01 1.290352166864012773e+00
1.118953244762151300e+00 1.383335656591169860e+00
9.969065374582281036e-01 1.293441400888106552e+00
1.154191854091486835e+00 1.364344583786446741e+00
1.162450022285829165e+00 1.584080343229064214e+00
1.547898129889126118e+00 1.107177168340225393e+00
1.233200988836449907e+00 1.146321925171758016e+00
1.344023229001099162e+00 1.527268743437929066e+00
1.132466537278662422e+00 1.299869710702812986e+00
1.825684533826818390e+00 1.346487918900425962e+00
1.575209721319483336e+00 1.552689001183242379e+00
8.124118175828464183e-01 9.172151559456421799e-01
1.419965230562185710e+00 1.090551511936809437e+00
1.146827810836365868e+00 1.229463249073641684e+00
1.063642655050968999e+00 1.229597438269939724e+00
1.071008359684335831e+00 1.343542617881249734e+00
1.630827605432132676e+00 5.868138506775513186e-01
1.747422007570836655e+00 1.408527332659703868e+00
1.088067635919502507e+00 1.229612858708477141e+00
9.595547018391020755e-01 1.103415527373450056e+00
1.226080791152624583e+00 1.556599551553717653e+00
1.141027953878291479e+00 1.475108684327941733e+00
1.271894234745401864e+00 9.779740636649080221e-01
1.466434155316136634e+00 1.208605552378228198e+00
9.100407222102191440e-01 1.427158684224103746e+00
1.450764955600508443e+00 6.938824716971524476e-01
1.400285517679409342e+00 9.876381021162472518e-01
9.319934989517483226e-01 8.599125138540990587e-01
1.426334633713896238e+00 1.058685795963323351e+00
1.826557270982356984e+00 7.553600398844939612e-01
1.261770448608790840e+00 1.208012689121531036e+00
1.118338858664044366e+00 1.094965697571206098e+00
1.525549193633883860e+00 1.022175848435548984e+00
1.232324046614153845e+00 1.170337708535116539e+00
1.456422356847036692e+00 1.207499959938677092e+00
1.066788398383588632e+00 1.480062205960015032e+00
1.414354437607602044e+00 1.289891711753260672e+00
1.391685488656789316e+00 1.137585448523260379e+00
1.163703247228254023e+00 9.611262077098351453e-01
1.612061960301556240e+00 7.700227649819284537e-01
8.892968829105092343e-01 1.598976752816444913e+00
1.120709063815694462e+00 1.403016912025214946e+00
1.050655009072285262e+00 9.182454145935617928e-01
1.282632497225555168e+00 1.314095781373069816e+00
1.546147385305145505e+00 7.411052121189932729e-01
1.647023510691490111e+00 7.785107704820070085e-01
1.274512529648878401e+00 6.666859300154274193e-01
1.150043382717799378e+00 1.194121624140995541e+00
1.600110819500345061e+00 6.562771799922313409e-01
6.651096335311706964e-01 1.548501947255119360e+00
1.117037795957822155e+00 1.367039831785997972e+00
1.181143375185477407e+00 1.218142616914517085e+00
1.071565898016302976e+00 1.187834728042791221e+00
8.041002849134558650e-01 1.120942290297681110e+00
1.533815291053616692e+00 7.799887370849593049e-01
1.099631044068345220e+00 1.274257331738924526e+00
7.564217261408217041e-01 1.743183417166706217e+00
1.661618804928081339e+00 1.370100469730644255e+00
1.133194150197734285e+00 1.277320730140700578e+00
1.293282453594400305e+00 1.158347181836152595e+00
1.724733216299501271e+00 7.117879970836769044e-01
1.702191487356939703e+00 8.479077403569917903e-01
1.092142547214739023e+00 1.284804795995589055e+00
1.852207361615440639e+00 5.035998719409628954e-01
1.311938927599634486e+00 9.787268706705231081e-01
1.511198532885674517e+00 1.200331473686408579e+00
6.362184881685248872e-01 1.482175222763876921e+00
1.493282911109120370e+00 4.008756431791669628e-01
4.730112480409967568e-01 1.323597615960359519e+00
1.932363139859276435e+00 1.051956932318823368e+00
1.545238587232294236e+00 8.977388933481764699e-01
1.077280198655751198e+00 1.162522547744686108e+00
1.044724109404086665e+00 7.143812522634358508e-01
1.298699462513568381e+00 1.028629060089861547e+00
1.274719370088798431e+00 9.470683341448994375e-01
1.455487057437264475e+00 1.227596081179986864e+00
1.305753456985552008e+00 1.473870904527064596e+00
1.564869516766940638e+00 1.195726022760771778e+00
1.197996363275611875e+00 1.743718400601381502e+00
1.697106485832344358e+00 9.176001479232535063e-01
1.647433140803152396e+00 7.295383967064602571e-01
1.245144726164661320e+00 1.247948891081213540e+00
8.175263722110487352e-01 1.705130078226244406e+00
1.189659279517055523e+00 1.291171668270933992e+00
1.421685711236685634e+00 1.251481836106658641e+00
1.124530573525436949e+00 1.713360220085173635e+00
1.241112457439887296e+00 1.690232581279682789e+00
1.210143227477517236e+00 1.194360901284598153e+00
1.131557298151293356e+00 1.133686422044932529e+00
1.175317439628563498e+00 1.438321713348094999e+00
1.736000615451960494e+00 1.108964145396229339e+00
1.332747389097363344e+00 1.171889584384466554e+00
1.057107792331567264e+00 1.201657152592583211e+00
1.395229599045362034e+00 1.159369592796942516e+00
1.082529868425748498e+00 1.347972121403111068e+00
1.711106469662503571e+00 4.083795435519100847e-01
1.411487294461338360e+00 1.052906028980775233e+00
1.249983425096700351e+00 1.267582146574325552e+00
1.782378764750247813e+00 9.967643238677060813e-01
1.249482414504420769e+00 1.371821276111834909e+00
1.536543287558520099e+00 6.379641824998497635e-01
1.296843840556520355e+00 1.224093842348908501e+00
4.137898039519137816e-01 1.665833780777749462e+00
1.262830372826244885e+00 1.300743867113681285e+00
1.295521773006306221e+00 7.255202742834169216e-01
1.305461698425508521e+00 1.103018902592379336e+00
1.481058613865024132e+00 8.640573866901806177e-01
1.035737914658791059e+00 1.575084555623815774e+00
1.287697190341956954e+00 1.189806093893772676e+00
7.321247098491130423e-01 1.847768878898762290e+00
1.304170028811652449e+00 1.092146486183634746e+00
1.388186905072018584e+00 1.073968423863999488e+00
1.331137203843799188e+00 1.320043038289259174e+00
1.232381874506942365e+00 1.349141140765821145e+00
9.615860573787102794e-01 1.249415621223477046e+00
7.071335739401373166e-01 1.505361078679783748e+00
1.054684075538272037e+00 1.229987763205102169e+00
1.347370983005490741e+00 1.264401051233909890e+00
1.016940322895438342e+00 1.115341355859478689e+00
2.159804686712196720e+00 2.679190765106293504e-01
3.242892533188600490e-01 1.828749270102671076e+00
1.353318886130317367e+00 7.127604430125636936e-01
1.311787705864268627e+00 1.054831234980132537e+00
1.406202142657382526e+00 1.013786328364878475e+00
3.739591579989952619e-01 2.340180058208435554e+00
9.887685533888508349e-01 1.071523568449437525e+00
8.507829027673636801e-01 1.508680786117525763e+00
9.576816917742667634e-01 1.191729289550396587e+00
8.459178280173034192e-01 1.503963877420085637e+00
1.203309044030116182e+00 1.214833922168686797e+00
1.082981906146015971e+00 1.646846162339959951e+00
1.079627147033438206e+00 8.517387243610708980e-01
9.727470754930619412e-01 1.533193845980013625e+00
1.335002135798678324e+00 1.278722326908006801e+00
1.304581435422398350e+00 1.285781621744162662e+00
7.273706429217058345e-01 1.709563725611410900e+00
1.487287132705360726e+00 1.081885327635945249e+00
9.756158262320392405e-01 1.248372006975663639e+00
1.489802870958396808e+00 3.878858750660170718e-01
1.169652201808544012e+00 1.220964262936460321e+00
9.297847967064636343e-01 1.421068409526088150e+00
1.245952817199116769e+00 1.166061579358184552e+00
1.083198945019817616e+00 1.728671656729177109e+00
1.436932296614200411e+00 1.122137728381848998e+00
7.696086356373961213e-01 1.339620176003211593e+00
1.493704651372644188e+00 5.535635598482248065e-01
1.238029617751686962e+00 1.050866950053902515e+00
1.289264269958721121e+00 5.246800765767291042e-01
1.706974381712698996e+00 8.919683328771379482e-01
1.439219321515359695e+00 8.496031640703705090e-01
1.401688605964092282e+00 7.901208046943480889e-01
7.797558332439510353e-01 1.273735739038576620e+00
1.486217744611108671e+00 1.009593534143374161e+00
9.535736503369317552e-01 1.225731369517137459e+00
9.905510792672886922e-01 1.168945034570856523e+00
1.751427512081666249e+00 2.819796179811324133e-01
5.785908452252234158e-01 1.333762200950765031e+00
1.480731812648642176e+00 1.028953414989448145e+00
1.621668726229567703e+00 6.824758047616229506e-01
1.449654535724859139e+00 8.371612504027485802e-01
1.614785960002793841e+00 8.955545418577196548e-01
1.767810585519581368e+00 1.527889343184734683e+00
1.141558709422405116e+00 1.471136428210764402e+00
9.671815242598249540e-01 9.464629103054673642e-01
1.565439411910504175e+00 1.118866324552499902e+00
1.442432080625401625e+00 1.415090442488330380e+00
1.467362009766923547e+00 9.626676675431133923e-01
9.925594152914488655e-01 1.399272201062701448e+00
1.401815393316662828e+00 9.456018102657030022e-01
1.236763294344469077e+00 1.352947600579672116e+00
8.767728127517147030e-01 1.168392937920430530e+00
1.048568259979897999e+00 9.521310516457590634e-01
8.287445504900393667e-01 9.475195284780885130e-01
