1.006238044087255590e+00 7.875414621814942340e-01
9.198171907038891204e-01 1.377031689859945063e+00
1.552747115348755313e+00 9.139305706284975850e-01
1.061013935870082303e+00 1.065785033953951855e+00
1.252044895642581812e+00 1.313860884591344647e+00
1.037114085629030180e+00 1.065049472535783526e+00
1.006417202801908051e+00 1.439550046418502482e+00
8.483192898025759821e-01 9.973477438791013006e-01
9.528402475724524479e-01 1.392310715084386308e+00
8.261842402519420370e-01 1.072612069624773623e+00
1.187205134172652166e+00 1.200409548832088502e+00
1.327977740590569500e+00 1.329400898385097785e+00
9.888408059417052032e-01 1.543316497254122899e+00
1.133979621282257266e+00 1.190943709293213582e+00
8.212433937341249157e-01 1.420704443606077172e+00
1.121391159423354322e+00 1.383268600371965862e+00
6.876016931848935032e-01 1.098022968223670182e+00
2.449250036312050349e-01 2.308950082459430231e+00
9.930379314730952700e-01 1.209214435643482632e+00
1.406892555793073818e+00 1.535801959724372390e+00
1.432156639616528393e+00 8.935486838206848637e-01
1.757821109785313807e+00 3.572787132879806093e-01
1.506475770776727785e+00 1.092521469922307142e+00
8.212565524675731199e-01 1.300105607525756657e+00
1.320861414948407919e+00 1.032008064731243291e+00
9.586032777372724967e-01 1.373070744693717815e+00
1.159510478728903227e+00 1.376271281742594166e+00
9.972910327506462336e-01 1.143285140940168754e+00
1.292467562936846726e+00 1.166017553990084332e+00
1.336295866329893833e+00 1.434447256598441189e+00
1.121536998517963291e+00 1.403585600455842686e+00
1.079185205557767757e+00 8.657878494709332351e-01
1.029547572519598830e+00 1.032967721349788537e+00
1.324962530718595044e+00 1.054209061766998801e+00
1.231066451263071571e+00 1.074194616313043804e+00
1.612509569264990894e+00 1.224297345206166732e+00
1.522927068900798098e+00 8.148614936029193734e-01
1.202664586750171516e+00 1.594167698050981352e+00
8.674587067369331495e-01 1.421972030257817821e+00
1.259849526460349312e+00 1.337916706807233957e+00
1.266850341218102249e+00 9.866750283972898217e-01
1.323585931086895595e+00 1.348741899993623372e+00
1.106215601812180926e+00 1.247806680227056431e+00
1.324485922138653571e+00 1.161307316105749221e+00
1.733767223355750620e+00 1.268714051615329463e+00
1.391853472687350823e+00 1.141219925933550705e+00
1.109458794383349822e+00 1.119443351170352985e+00
5.723129877845525293e-01 1.637549121556117315e+00
1.068528304567871290e+00 9.907672247540210142e-01
1.461900492629299553e+00 8.362154021795855652e-01
1.210090286595217668e+00 1.274010500650746947e+00
1.142896361371576353e+00 1.423102228166889027e+00
1.410368319874911958e+00 1.022292864357597697e+00
1.248171373170399612e+00 1.295337102414373387e+00
1.269211941344688732e+00 1.680586844319230444e+00
1.222523762361666488e+00 1.136795034274089788e+00
1.321012539896742499e+00 1.079586260759330951e+00
1.184852510201183318e+00 1.354786649999758064e+00
1.143923337126932838e+00 1.127417281852343578e+00
1.624657290181508840e+00 1.255254530668563850e+00
1.257993342460212993e+00 1.394534814681692492e+00
1.041592072531549951e+00 1.214177339730524219e+00
1.813015077563330912e+00 7.010409382575527593e-01
9.761338469839514476e-01 1.185962347062107680e+00
1.181633387421398451e+00 1.501345345076324556e+00
1.202112704911939334e+00 9.444734236647853720e-01
1.247261047275191270e+00 1.238570554584645045e+00
1.291178071214401424e+00 1.101905505357206438e+00
1.866813486431776026e+00 7.343073150593635301e-01
1.287235470884179778e+00 1.049003590178974488e+00
1.273634149794875992e+00 9.727742964274259663e-01
1.059464063631133879e+00 1.405270235100513299e+00
9.896763539507833496e-01 1.355145695327424127e+00
1.059094276045677629e+00 1.179913490732687587e+00
8.038757983337881940e-01 1.498869418762596162e+00
1.165304403835046410e+00 1.549591678350747515e+00
1.237573363117625336e+00 1.262026199629379564e+00
1.133142858314632129e+00 1.134424647891255633e+00
8.729035231865293065e-01 2.189372641208890524e+00
1.157668346910650792e+00 1.193121620470288136e+00
2.416276729871131845e+00 4.605308087936564876e-01
1.101904918442209391e+00 1.337726957545265494e+00
8.365585140425307875e-01 1.618951420433487609e+00
1.688913890264109652e+00 4.071428587108120167e-01
1.121091450117787103e+00 1.301896740174438571e+00
1.435659210433778421e+00 1.080795390748058526e+00
1.187508630107611873e+00 1.121453355684904674e+00
1.127634557333701881e+00 1.493643975177249672e+00
7.794132753459196428e-01 1.222133432280363863e+00
1.727117860766252733e+00 3.580594649050469758e-01
1.178346804802141934e+00 1.180380628041228119e+00
1.089648401326108962e+00 1.287100253051978616e+00
1.073398191356151221e+00 1.283860873478526177e+00
1.586428832218689911e+00 7.303122626811452411e-01
1.659554695274742642e+00 5.054891710743236732e-01
1.159365647528105558e+00 5.503241342563770511e-01
1.097737276005071427e+00 1.119890791732917723e+00
1.117275952343868894e+00 9.554166553669974915e-01
1.381988756508562455e+00 1.516099798109611596e+00
8.790920966120023827e-01 1.116315200405456398e+00
9.621790385535614609e-01 1.260466593331708740e+00
1.208796790794482101e+00 1.236421045572502431e+00
1.338448209965008795e+00 1.305486344685909295e+00
1.447924617443027140e+00 1.499176481536068639e+00
1.464098713654014672e+00 1.198111794529593377e+00
1.166175772430816382e+00 1.392590641423304243e+00
1.298179571843767643e+00 9.445541405536003188e-01
1.189113959551562072e+00 1.113689269537198490e+00
1.806848205498527538e+00 8.734963027534821123e-01
1.100477272951997376e+00 1.160880800154259207e+00
1.300954794868555364e+00 1.001263022191386298e+00
9.704477055704608945e-01 1.283689759746777348e+00
1.196230670204232460e+00 1.224622719716941477e+00
1.216729507154978851e+00 8.672494101836735192e-01
1.305370728023361737e+00 1.033247351462670993e+00
1.038199296049265419e+00 1.296383090819267725e+00
1.301692513656057315e+00 1.170905988524002073e+00
6.503149415443237880e-01 1.233642187471802876e+00
1.215102772334637260e+00 1.331200181307022889e+00
1.150582040045283749e+00 1.512070994491978349e+00
1.266009870564633877e+00 1.237143478080603876e+00
6.654037900073267453e-01 6.960483215165784721e-01
1.708688541981695064e+00 7.356632178746692619e-01
1.425556320176976755e+00 1.146569286336289295e+00
9.188679301043851666e-01 8.904775056302673963e-01
1.280720373161197800e+00 9.966821587647035630e-01
2.438278758093419984e+00 2.723105335738539301e-01
9.634719299169157702e-01 1.344688155022984111e+00
9.603649545018947409e-01 9.480483750256673003e-01
1.413302828976467529e+00 1.066753634502019210e+00
1.203302986496165738e+00 1.277128347908115025e+00
1.183797381152150274e+00 1.054839554585165207e+00
8.940258829607192759e-01 1.396190984468474117e+00
1.376799659853221280e+00 1.302173409280227734e+00
6.911072438600784906e-01 1.464280054895738203e+00
1.547487141336354455e+00 1.495826880613139398e+00
1.266985256641139257e+00 1.083359366180684624e+00
1.775458713643010444e+00 1.322109801615507285e+00
1.018461831111880045e+00 1.339717692136515259e+00
1.796013682665142275e+00 6.988951805789684890e-01
1.223794370620810534e+00 1.341068174873208729e+00
1.277985516251399334e+00 1.201779599023503620e+00
8.060009046793352727e-01 1.426878803645405203e+00
8.507308419246054632e-01 9.394577224518209091e-01
9.261515050005085792e-01 1.490460240119240609e+00
9.763735623669752561e-01 1.070043836705754980e+00
1.270374439416333434e+00 1.345355115332771190e+00
1.013220780999375625e+00 1.407378051330054003e+00
1.106163782664738804e+00 8.865250977343918093e-01
1.125675424161466154e+00 1.306391580728877733e+00
1.184628776750186185e+00 1.101944956779170592e+00
9.505487335149495065e-01 1.450721414476576987e+00
1.300144071330973761e+00 1.052714644863545379e+00
1.380966678540666237e+00 9.494204885078165734e-01
5.481568730433871162e-01 1.125476504865511984e+00
1.050848740391051361e+00 1.104625448874162252e+00
1.136091617516385543e+00 9.463385513782446301e-01
1.183750146128567771e+00 1.117986003954432705e+00
1.290127482380418522e+00 1.062337538960788308e+00
1.223319948239645516e+00 1.311492923702387792e+00
1.458184110896493024e+00 1.052884459609761736e+00
1.633763135763182328e+00 1.188790602810933850e+00
1.040228298433234055e+00 1.281282012260387848e+00
1.561019396840367168e+00 1.408922160351367969e+00
1.172662204584815182e+00 1.339766753848498526e+00
1.005136950119819739e+00 1.031500646577221847e+00
1.806481782082238752e+00 6.771184244936028218e-01
1.601621509421289780e+00 1.247781685272927321e+00
1.104553293066184549e+00 1.016768028730363316e+00
1.366817915073921919e+00 1.446572754806469518e+00
1.311419181591379379e+00 1.029085723119295137e+00
1.594272139951204537e+00 7.344715149438850732e-01
1.229075466930628080e+00 1.109647953977707768e+00
1.331270993746423548e+00 8.302665384352889699e-01
1.378574480772998267e+00 1.114814255640828478e+00
1.056428593979701569e+00 1.217194152540322261e+00
1.416039170624410870e+00 1.098530376426159361e+00
1.116672829242175924e+00 1.260485404945677956e+00
1.027837856688229801e+00 1.009036436613972798e+00
1.304682784805883511e+00 1.124678308851033259e+00
1.219043916286190576e+00 1.361707850253630170e+00
1.233224230646906783e+00 1.048514906725305895e+00
1.762767149170702652e+00 1.097880731121566811e+00
1.112058948802075342e+00 1.456694025199287257e+00
1.076775379221949658e+00 1.052720611029152709e+00
1.068877392037530516e+00 1.062818532995713383e+00
1.261280396350735300e+00 1.012510285513435138e+00
1.278705989363644990e+00 1.372667340459751362e+00
8.542149768460516324e-01 1.273617461790560901e+00
5.058196770541967258e-01 1.117753615204168494e+00
9.479225307745277052e-01 1.330748339543265324e+00
1.291783328805792941e+00 1.291871221278374504e+00
1.049461001287455453e+00 1.325015547730937993e+00
5.776067124344187453e-01 1.347492740818903689e+00
1.164415712233534128e+00 1.136653148348148790e+00
1.159029653128056392e+00 1.289762346569461426e+00
1.079292466696077257e+00 1.328091975629302812e+00
1.420687996956680577e+00 1.326814665610072552e+00
1.231231597496738051e+00 1.326366252146236269e+00
1.193322655642085062e+00 1.122567386143369150e+00
8.686785923832118783e-01 1.363990370011399555e+00
1.192063971052380822e+00 1.744147542242948212e+00
1.342696726037358790e+00 1.238777120199362924e+00
1.436627993179106610e+00 1.556660520105002332e+00
1.291854917352748489e+00 1.205896266318956300e+00
1.689314723489423686e+00 9.058096938485606930e-01
1.029880006305966544e+00 1.272677016042335074e+00
9.498321271238451269e-01 1.248955495787327008e+00
1.003411263603968706e+00 1.298058145709130917e+00
1.636253733894385665e+00 1.025938210261843953e+00
1.096660979902683186e+00 1.378817798645613157e+00
1.207324270852486503e+00 1.259392652905612753e+00
9.558852749780497593e-01 1.672350159042931939e+00
1.335819693172635159e+00 1.127790823164558809e+00
9.930822206211588066e-01 1.497730368498640940e+00
1.351150080180644641e+00 1.056015720612410114e+00
1.064997014423832766e+00 1.431192467469141194e+00
1.260356330797096192e+00 1.466137429443794549e+00
1.379615804981401128e+00 9.088080645012793779e-01
1.016959039400244569e+00 1.224458091281300565e+00
1.068719275082090858e+00 9.284396238027337045e-01
5.805366632301195429e-01 1.784182347704377891e+00
1.057405122609847092e+00 1.446994925475053595e+00
4.351821631910325894e-01 1.671860326059153579e+00
1.014260557042684585e+00 1.386393503602382227e+00
1.366936460202423653e+00 8.838416578836948423e-01
1.166560891918167808e+00 1.129227100913158255e+00
1.483755087739412559e+00 1.141795129728876645e+00
1.106321200953184647e+00 1.172397703301778282e+00
1.405715145290332035e+00 1.025535196818945449e+00
1.054590857679507998e+00 1.076591884295881485e+00
1.535924925216297199e+00 1.518309079129350314e+00
9.787648411217828581e-01 1.069504303119762856e+00
1.264141938873274640e+00 1.268053872821694572e+00
1.044062645497162212e+00 1.157792077894663763e+00
4.209418111616702318e-01 1.883358178214388667e+00
8.786882311335186824e-01 1.389124570913466528e+00
1.123319063974601129e+00 1.066453060782340145e+00
1.108489943297771951e+00 1.136544842561737712e+00
1.423360848707551307e+00 1.069626188385291332e+00
6.579959304955439459e-01 1.452754260150768362e+00
1.025043108118797841e+00 1.033340362059623541e+00
1.078171832381750628e+00 1.107715347505057624e+00
5.766592474401841528e-01 1.757981920217462024e+00
1.180998772614532788e+00 1.240484026206359225e+00
1.404235078858858898e+00 1.150123089366675178e+00
8.772320019143127201e-01 1.394050096341465927e+00
1.176189067675772915e+00 1.279675141222422319e+00
1.170337576637406674e+00 9.405989350847024921e-01
1.248757368153934566e+00 1.015127758037593475e+00
1.139512496524180074e+00 1.157268592992711786e+00
1.872698479124386584e+00 7.902947310616508236e-01
1.295352844307508633e+00 1.718193530532044599e+00
9.551031040625082014e-01 3.977133338442770394e-01
9.842031720779111925e-01 1.090468112240873033e+00
1.028368768228798524e+00 1.197692983651685195e+00
9.656393754013103958e-01 1.271295646498254550e+00
1.267143487556806614e+00 8.425640060745192006e-01
8.292893646533648910e-01 1.465038124400603659e+00
9.664698023423904383e-01 1.477869059427216580e+00
1.147557393598689135e+00 1.323368895167357895e+00
1.196467203651431443e+00 1.440052916840397046e+00
1.292903156569540579e+00 1.117141948707775612e+00
1.121116556351966498e+00 7.289680489681495956e-01
7.556668198986964402e-01 1.808684537859483799e+00
6.352294815230562497e-01 1.620118238986948622e+00
9.292046938648425014e-01 9.362264517552669751e-01
1.146864330141490473e+00 1.423664076958868208e+00
8.397709802033674897e-01 1.344607953805074807e+00
8.649355762321399022e-01 1.347923956872424833e+00
1.117645701571351013e+00 1.246658255564465634e+00
1.112344083825331564e+00 8.431014767501842089e-01
1.173529046352417282e+00 1.346682848634697116e+00
1.360001096015663657e+00 1.150616986200917236e+00
1.197430473102627735e+00 1.144870614249006602e+00
1.075434256984590498e+00 9.414204300206957532e-01
1.237225160295466475e+00 1.305982220213263378e+00
1.112475983968477689e+00 8.641096015414143627e-01
1.820695744771149371e+00 8.952272343825427026e-01
1.093717096160381486e+00 1.391184546205975980e+00
1.082472973258186366e+00 1.227264334899580867e+00
1.619776305824986995e+00 5.570962700291877123e-01
9.999371912690068198e-01 1.498888626529421675e+00
1.170463916410209970e+00 1.384647057523351599e+00
1.522767062057324816e+00 1.075652436940515599e+00
1.386406018652867278e+00 1.272585087729272590e+00
1.180744878905924722e+00 1.183559444100982017e+00
1.168233477558864752e+00 1.401236109124045948e+00
9.725936983474372521e-01 8.828525583857023129e-01
1.179581841498333672e+00 1.054532449045059384e+00
1.213320819725316024e+00 1.379598409624634980e+00
8.841294141001134754e-01 1.488176446155716315e+00
8.048472709167959760e-01 1.206178407437204392e+00
8.615916375668789540e-01 8.609837576788983426e-01
1.159215283077476899e+00 1.447635469026072874e+00
1.322814045529547622e+00 1.365483037539050537e+00
1.658562419033386970e+00 1.023635998842234995e+00
1.116745033474538351e+00 1.420676934906958788e+00
1.259907917829257595e+00 9.672605546756112282e-01
1.030231031052620150e+00 1.313810315484132296e+00
1.103599337817603665e+00 1.132867074700912857e+00
1.253242566249848089e+00 1.215780632051456811e+00
1.862201020299257381e+00 5.398435082700400178e-01
5.433949500300089275e-01 6.117432957060767729e-01
1.621328039111837871e+00 8.430227680717017336e-01
1.635363655024777430e+00 1.034256036597791972e+00
6.432340260738917959e-01 1.487235262110363720e+00
5.947622535587103743e-01 8.397966910934431262e-01
6.681988771313489561e-01 1.520180466542260023e+00
1.095513113722418774e+00 1.412734764270143550e+00
1.181937045161089328e+00 1.248438429415961615e+00
9.255624423045729632e-01 1.496367354300804919e+00
9.397976441501569855e-01 1.201133537575412191e+00
1.307609813861753123e+00 8.871459794638100194e-01
9.573320532980942321e-01 1.572389559935803982e+00
1.019168192449386501e+00 1.190858793102846702e+00
1.242989135212424046e+00 1.156337249455101190e+00
9.587614972463519569e-01 1.227454556581235146e+00
1.145431374296225879e+00 1.222250470754258300e+00
1.038354467679253323e+00 1.560669709077390888e+00
1.235349907949673032e+00 1.197968610579095428e+00
1.609814547283922481e+00 1.008836052309749265e+00
1.125606110825587258e+00 1.093429668327356552e+00
1.004315437268467948e+00 1.482039197160718746e+00
1.426361103327247637e+00 9.274564458438234738e-01
1.067723928751089568e+00 9.416438264034381334e-01
1.659727628343941497e+00 9.359559886699533315e-01
1.627882830563517569e+00 8.576408524807186406e-01
1.185783573045683159e+00 1.130300383864789593e+00
1.315696739232409040e+00 1.435624130426029321e+00
1.370801892264620792e+00 1.325399539686644479e+00
1.056270123201762390e+00 1.208297456871797682e+00
1.321404807175376339e+00 1.243409408338719047e+00
1.431960068916199313e+00 9.087408342653128246e-01
9.412277977539500462e-01 1.129131974183616993e+00
1.064156862156397265e+00 1.297708412728365346e+00
1.115540391205367854e+00 1.280097140060597383e+00
1.862851248730328368e+00 9.284129488627735904e-01
1.037073080108834811e+00 1.375686002072738390e+00
1.358092262329181121e+00 1.050686088035350574e+00
1.122119256210449834e+00 1.049933792949898637e+00
1.225256693517278173e+00 1.278324241197249522e+00
1.077757774353497844e+00 1.170358874080309697e+00
9.143399289873591629e-01 1.141383023066756985e+00
1.400233447278535159e+00 1.100087268210550695e+00
8.454272295575580021e-01 1.478863408368976451e+00
1.041163684101419351e+00 1.040935601981365366e+00
1.200099807214111358e+00 1.285109718176027815e+00
1.221990845669823633e+00 9.459805319894675213e-01
1.141444795192485318e+00 1.131349874057341998e+00
1.289984737805219384e+00 1.323466527440388507e+00
1.306848961403777931e+00 9.109456403610175501e-01
9.633666817066771637e-01 1.607604779354823377e+00
1.223066793851730782e+00 1.247085357714270870e+00
1.421429677310285244e+00 1.034507592280098587e+00
9.879376098798473560e-01 1.336443429692293572e+00
6.481043329272939690e-01 1.405253416206390993e+00
1.681853359402703418e+00 9.522506189644052155e-01
1.144661990516935512e+00 1.093900935001971275e+00
1.237740068113214909e+00 1.213125117156007793e+00
7.940384420271269228e-01 1.287383113099814125e+00
1.498710832594674969e+00 9.356850453916605304e-01
1.135117536646304437e+00 1.467213149421770835e+00
8.422897916445044597e-01 1.177196836600521657e+00
1.089058136272181621e+00 1.329777914946272954e+00
1.392858881051918241e+00 1.205727203133065029e+00
1.258934651924071613e+00 1.082737830228049258e+00
1.339480277529584873e+00 1.215928787849743786e+00
1.141217371051904905e+00 1.349720236382705441e+00
1.557418379968218414e+00 7.006016215266580582e-01
1.290067713682173212e+00 1.260783977938828793e+00
1.042964775239912933e+00 1.212150088530026482e+00
1.275626763364220873e+00 1.085634333910314497e+00
9.467916990988103354e-01 1.045468980434260065e+00
1.304749556237925212e+00 8.273540717992570181e-01
1.040510780921424239e+00 1.698487948711005391e+00
1.234434359274675597e+00 1.049178730419342731e+00
1.013577834387042964e+00 1.256078554526282032e+00
1.442909998732764487e+00 1.357811115410102243e+00
6.296769412758062012e-01 2.150722897742404438e+00
1.496169329894798672e+00 1.445149734534470154e+00
6.002473515098446510e-01 1.945788794495576068e+00
6.292815761775820693e-01 1.194733783209559252e+00
1.268363237147208000e+00 1.454128979209516004e+00
1.275880192956870829e+00 1.186605951376666246e+00
1.213280124597556409e+00 1.350138339305917201e+00
1.279032961095692755e+00 1.220344919715834031e+00
8.506645736176244865e-01 1.652149788396004793e+00
1.596072306203675017e+00 6.874057563658371173e-01
1.524828707605057065e+00 9.113710060692383763e-01
1.284327488574560583e+00 1.108882872765927230e+00
1.267512096027797019e+00 1.152661736477033738e+00
1.279668291961983728e+00 1.001581807506986221e+00
1.052459684669404760e+00 9.595892155410146174e-01
1.616462348949075478e+00 1.210096033790979408e+00
1.262562508219062796e+00 8.803352576102583260e-01
1.406489502816705039e+00 7.788981786053923440e-01
1.341274632580061299e+00 1.176194439601075281e+00
1.042102019258473122e+00 1.102348469007950804e+00
1.036913038331545023e+00 8.426555703987045343e-01
1.014127901530937903e+00 8.422281042687735919e-01
1.016132770600847612e+00 1.021920702741553111e+00
1.165532366339580461e+00 1.155974668069398970e+00
5.568222506041784481e-01 1.427414938294472080e+00
1.204161043353467742e+00 1.166759347037254813e+00
1.368264339459686729e+00 1.409438900640630044e+00
1.042982858673266566e+00 1.240321450392403158e+00
1.461861807585295159e+00 1.090524369867523546e+00
7.533808301825026810e-01 1.652195418851625908e+00
1.036131754218636347e+00 1.279594365317505478e+00
1.052441436530803243e+00 1.495253538731225351e+00
1.079672396319660832e+00 1.276051834528436624e+00
2.501517854536585261e+00 1.638414269378412891e-01
1.117450744880336355e+00 1.402828488265439821e+00
1.592637228165977081e+00 1.007843768116623684e+00
8.782676839488088305e-01 1.592169190158628345e+00
1.048032290454115278e+00 1.272866392458624762e+00
1.065443477070159961e+00 1.609971331131412775e+00
1.117631288541562018e+00 1.261626375017081747e+00
1.083707190715752056e+00 1.134254044589876997e+00
1.470016659770726486e+00 9.512088318147476906e-01
1.229152928038267589e+00 1.060186202834332514e+00
1.437455907584356707e+00 1.002328983031349097e+00
1.153601504478051654e+00 9.326386121182734801e-01
1.002950266323745954e+00 1.504486098493605706e+00
9.416069761371839153e-01 1.116836045162354019e+00
1.005984581931126387e+00 1.644111568668454204e+00
1.017748031134490194e+00 1.367685697417047264e+00
1.004421727015717636e+00 1.306592761952536375e+00
1.256918308602448464e+00 1.312845373141600547e+00
1.295238910349646888e+00 1.108581420077644486e+00
9.846939510582647381e-01 1.509752632801929062e+00
1.012230243588113643e+00 1.606366104888825586e+00
1.064966783347736312e+00 1.327620349312385928e+00
1.310007992903280183e+00 9.733278832848142326e-01
1.160003955652531005e+00 1.186874531184909598e+00
1.317231635062143358e+00 1.301566078294762008e+00
1.455687666557391680e+00 1.247645666327245273e+00
1.096278563307819587e+00 1.262459785642884968e+00
1.087406286584227777e+00 1.485118582766413953e+00
1.071522180168939409e+00 9.039082255045232106e-01
1.201724945592752114e+00 1.459151444320344826e+00
1.681054149069567405e+00 8.371965815729297544e-01
1.703874190093912722e+00 8.043531815518648598e-01
1.070646847033441151e+00 1.384054250780635709e+00
1.397373672531510458e+00 1.217767322802352448e+00
1.211649688756260890e+00 1.354454729930281154e+00
1.607910784446358265e+00 1.356883509540878885e+00
1.469457052982318324e+00 1.024152383323454929e+00
1.417767780022932911e+00 1.143943420326159366e+00
1.164544538464264978e+00 1.250046658571029701e+00
9.994251745460039915e-01 1.035527915575703339e+00
1.310303156113226786e+00 1.290946385311392497e+00
1.689733652385051688e+00 1.139637213725109177e+00
8.346935986163744881e-01 1.101393248877124087e+00
8.181104184361703835e-01 1.241197773333970300e+00
1.319312350544392665e+00 1.373704355674672639e+00
1.109819405339932841e+00 1.184137700283289574e+00
1.167454136311206980e+00 1.034402825019176797e+00
1.130211939029328150e+00 9.915982123954797389e-01
1.322733948374075652e+00 1.286108137984101507e+00
2.006658111771673969e+00 2.033868459027599329e-01
1.148794602412816834e+00 1.179035402216462636e+00
1.538086310456170613e+00 1.039695948571245143e+00
1.524376517867967351e+00 1.423722134429581176e+00
1.855019563184546527e+00 2.345866289809157013e-01
8.268180794221030583e-01 1.463892387856774224e+00
8.376294186725076196e-01 1.057351429544158838e+00
1.844282437313194078e+00 1.040087159192554012e+00
1.202733010031515448e+00 1.117084272064454931e+00
1.318952888157171710e+00 1.122588860035064862e+00
1.544655899575740232e+00 1.256278621100766379e+00
1.001835554011528906e+00 1.182727170699880093e+00
1.287152127410563507e+00 1.313273187658231533e+00
1.276296667950949981e+00 1.242354991906411188e+00
8.242133494682040151e-01 1.450870701089812087e+00
1.357887434108147939e+00 1.217367961255535258e+00
4.101322010746530911e-01 1.723087950982479688e+00
1.109212978054999965e+00 1.349700215868276487e+00
1.069339363139992560e+00 1.901755355910643930e+00
8.549495568441659588e-01 1.070663580163420781e+00
1.580336626718986226e+00 9.584791492654807232e-01
8.278040827455372952e-01 1.519500655791929944e+00
7.868513680611389782e-01 1.671615569612967533e+00
1.289243520316653457e+00 1.118167204177745955e+00
9.615993668802603755e-01 1.036103797476735533e+00
1.297949139374274141e+00 1.186096937965084752e+00
6.235234908916760244e-01 1.573717237100132227e+00
8.720523901946205525e-01 1.358642239327169987e+00
1.229913007532388081e+00 1.159743648216508660e+00
1.017344240481581563e+00 1.153817643234187784e+00
1.506392067176552274e+00 8.578363994363853440e-01
1.226769519845206657e+00 1.161725611411408288e+00
8.429498461138125176e-01 1.121045128818984882e+00
5.377711539168631427e-01 1.940766467145038199e+00
1.124191259336431159e+00 1.023349631698728723e+00
1.042171208714495423e+00 1.647063381542436034e+00
9.517353538789889988e-01 1.132772446283584200e+00
1.851614648817203390e+00 7.904749010751079830e-01
1.367529935291619703e+00 1.288646002355755549e+00
9.770330114581302627e-01 1.262693944200043772e+00
1.382337863817994394e+00 1.411281134921845482e+00
1.511105816669881641e+00 1.115226393422272810e+00
1.002075503918443689e+00 1.192338241111298824e+00
3.592758307678641794e-01 1.812357360611191348e+00
1.708178476800717105e+00 1.060257142540860897e+00
1.295368817183218058e+00 1.211090103929503448e+00
1.081052298355911878e+00 9.235204184238070546e-01
1.091694027370467168e+00 1.158780053564785417e+00
1.224981018913708475e+00 1.285316446423211190e+00
1.188107819434789825e+00 1.266921156702848439e+00
1.195867953517991689e+00 1.189021473438045540e+00
1.280830585150474432e+00 1.292078846000991321e+00
1.402311082186452396e+00 9.986100892676353924e-01
1.226706617901300200e+00 1.146541036597589880e+00
2.286855393012882320e+00 8.054932347391772218e-01
2.021941769828620394e+00 8.801015703925757494e-01
9.732940486615093700e-01 1.273036269261296871e+00
9.719246599307003187e-01 1.147536118716913522e+00
1.151108818576947801e+00 1.255075973763486230e+00
1.027347511650324341e+00 1.618390802523704375e+00
1.410348279882301492e+00 1.094213928820153114e+00
9.617578429553856889e-01 1.271262044649014378e+00
1.031053096742535979e+00 1.424021885505547980e+00
1.513083925870560176e+00 1.101349696056991068e+00
1.198059578156428495e+00 1.112794381202296234e+00
7.027924288411272480e-01 1.226845649361866908e+00
9.004101397226257353e-01 1.344896334674447802e+00
1.475350795192052367e+00 7.151473469161604424e-01
1.295717999605516368e+00 1.035860598165535995e+00
1.420040780339343556e+00 1.365253060781755234e+00
1.291994782414740195e+00 1.164116215872733395e+00
1.406548182291120108e+00 8.780138697153108129e-01
1.427769192408903098e+00 9.742595186568193677e-01
1.123240686104447938e+00 9.634615798635522976e-01
1.290135285977985768e+00 9.435140975667188901e-01
1.209548015621036976e+00 1.021907636328536206e+00
1.290403935743094976e+00 9.812825285512449813e-01
1.159860697179512012e+00 1.150379708329240191e+00
8.831639194766051082e-01 1.310958877403882727e+00
1.054759645003397361e+00 1.034293154032985163e+00
8.392959737545288013e-01 1.476834616081601048e+00
1.220448699941962811e+00 1.211553243670028257e+00
7.359032260319036123e-01 1.484732033736658741e+00
4.941302420214554458e-01 1.851991519747989701e+00
1.047783665397601371e+00 1.307433834633897618e+00
8.615002342709635608e-01 1.313278383150012996e+00
1.551694515943166985e+00 1.201775937189266452e+00
1.110063490865302871e+00 1.409471364568198659e+00
7.960290384437864741e-01 1.576384929300270965e+00
1.239994568640782724e+00 1.196814513275703762e+00
3.011672877894127631e-01 1.947754648581712322e+00
1.036168324203869284e+00 1.497390591570320728e+00
1.712491234290699937e+00 1.060988338058364455e+00
1.385072346578429814e+00 1.346595877676730613e+00
1.132880476322472907e+00 1.272979193709357082e+00
1.374748099420906478e+00 6.426203667326815250e-01
1.043029579846695087e+00 1.472552086635439572e+00
1.191481877477291285e+00 1.165766715457267955e+00
1.099688160197679343e+00 1.191028412128627645e+00
1.175321429847993926e+00 1.391573734133622731e+00
9.727981864057808625e-01 1.142620872660026432e+00
1.135770133094905932e+00 1.485941157832431747e+00
1.282821343147119597e+00 1.205284024832984802e+00
1.346786011599343968e+00 1.057916238001130216e+00
7.928732267849887272e-01 1.510341628472714470e+00
1.173475201151998437e+00 1.499705762260594488e+00
1.680409628316926751e+00 5.751265788355904851e-01
1.246466553971246061e+00 1.196263608614449803e+00
7.592157283771997500e-01 1.566440011639005814e+00
1.642311145388942961e+00 6.862034607878766401e-01
7.867059592270957413e-01 1.550418323240176033e+00
1.080471900543111596e+00 1.073960226802598950e+00
1.363896648381537791e+00 5.041888952481017316e-01
1.036284727741199063e+00 1.577775221428742825e+00
1.143344047458506374e+00 1.350928490050891329e+00
9.251674933502521680e-01 1.610557791756707102e+00
1.150643873797391414e+00 1.085483285851652768e+00
1.344910579377017079e+00 1.226791345545842571e+00
1.480299686896229483e+00 6.661750308809949450e-01
1.594823607708925950e+00 9.260121483899168560e-01
6.136407762441137281e-01 1.097697709611507921e+00
1.145210968363749027e+00 1.132156442391749396e+00
8.575697996312684479e-01 1.180964943301059389e+00
1.771816124322869834e+00 1.999766471989911087e+00
6.714008622271392390e-01 8.667834098395440501e-01
1.154756425569761769e+00 1.733262285799662461e+00
1.291157648669943869e+00 8.672658570560676239e-01
8.659644600007294635e-01 1.258728065533767371e+00
7.013789808594075303e-01 1.513486814691689997e+00
1.764431909605826077e+00 6.761264953745742545e-01
1.314647502827054559e+00 8.092692246142467738e-01
1.389364328628376777e+00 7.886666462230148555e-01
1.512554203301441857e+00 9.324868868617626205e-01
1.255048126952049037e+00 1.045234171287542813e+00
1.422066013972215659e+00 1.146136817536934860e+00
8.056211697841162422e-01 1.191236035610628186e+00
1.793525033609889574e+00 9.988502522899584957e-01
1.159676110742344113e+00 1.252481310852187280e+00
7.370836319959727101e-01 1.480051560554495715e+00
1.600807346482730376e+00 1.172514543814660470e+00
1.515144414256449190e+00 1.450479957819287069e+00
1.333759059797798407e+00 1.382241002854534440e+00
1.277608238492634163e+00 1.147070280984022972e+00
1.275168609630303873e+00 1.203630778208268026e+00
1.421214711951034992e+00 1.032435781682177867e+00
9.340307588461573829e-01 1.463666718040838477e+00
8.473756829578823480e-01 1.281789640746317183e+00
1.072809949596936985e+00 1.338783631437274524e+00
1.450938587418513892e+00 9.229683396487827762e-01
1.091506762704993694e+00 1.189176198524952266e+00
1.239032255551358430e+00 7.236936993377234284e-01
1.223159079280842221e+00 1.726996285918225515e+00
1.983998504528449836e+00 7.127682152668326498e-01
1.559965122091257816e+00 1.310191742749738264e+00
1.394780025989875494e+00 1.239730728661514680e+00
1.790739971219563964e+00 1.016914125993733320e+00
1.477073998520374021e+00 5.177957639522868805e-01
1.259482442538030211e+00 1.016841170356171054e+00
8.057812835084917635e-01 1.283878003887107155e+00
1.344435817420027490e+00 1.064847542435923389e+00
1.239542115838343062e+00 1.095554609214312025e+00
1.208754443089612218e+00 9.820751121701083441e-01
1.525336363348994473e+00 1.113469317753340126e+00
1.362676512922260663e+00 1.367354814649396344e+00
1.663028862387207152e+00 1.350735013410383045e+00
3.590613420996381921e-01 1.458752893467135436e+00
1.148353820928267321e+00 9.791316452463449949e-01
7.654952387154841942e-01 1.745838421889815750e+00
9.754907618083793475e-01 1.416991641005502789e+00
9.285370533012179406e-01 1.378290269172899318e+00
9.390906682188164822e-01 1.655144348467748383e+00
9.234345416989908628e-01 1.412085699482001688e+00
1.528109490273428905e+00 9.089950039112902891e-01
1.512759513733142214e+00 1.175963414541051133e+00
1.075019414235678594e+00 8.123028806021157511e-01
1.807150350009790962e+00 7.935310775502564251e-01
1.083039241604216940e+00 1.335010758428990085e+00
1.115431535915240691e+00 1.202695732626238412e+00
1.523242787999199210e+00 1.233570591961938856e+00
1.333230296131388881e+00 8.865288896464774693e-01
8.672616419223767581e-01 1.274290336366258103e+00
1.134022149516085376e+00 1.344282431886320905e+00
7.017293161887437902e-01 1.813593943288957178e+00
1.266356377293179847e+00 8.364451598607790528e-01
1.681813981776657974e+00 9.095935633329280678e-01
6.349393317950816629e-01 1.748806193916798035e+00
2.002027120708334884e+00 9.103695748190223647e-01
1.094989960580146748e+00 1.225855060618760373e+00
1.161572681287480480e+00 1.263292793464557917e+00
1.292825241228560129e+00 8.057983697013487712e-01
1.494223646196750188e+00 9.833103779231560093e-01
1.192630182415444384e+00 1.230212896976107251e+00
5.991114634669476580e-01 1.970839853819111198e+00
1.265678992870649111e+00 1.214579123802149940e+00
1.181597714214668082e+00 1.004665751742336299e+00
8.162103236190850764e-01 1.503427634811696390e+00
1.180357075150706203e+00 9.497982213347861968e-01
1.464285299823508302e+00 1.391941877569304209e+00
1.466067412588212271e+00 1.148718621770110415e+00
1.253235034146802152e+00 1.394878638115964131e+00
1.515802297080340200e+00 6.784536762868812465e-01
1.096934278246800343e+00 1.137036183071135742e+00
5.601326929235493912e-01 1.775540410649839806e+00
1.213454566658899614e+00 8.999293084366658535e-01
1.720894558617148906e+00 9.202062668706159076e-01
1.467816516191491116e+00 7.506748571495097666e-01
1.338458563085929143e+00 1.143677618461961254e+00
9.175399128730805653e-01 1.294428066837148172e+00
1.164677973250900722e+00 1.073095894176826270e+00
1.038241160091248450e+00 1.302446613203383396e+00
1.209658045213949373e+00 1.190478166193562615e+00
9.804617346162171065e-01 1.474830626233720965e+00
1.327139686140383468e+00 1.197895484095003349e+00
8.630281190013486814e-01 1.490090635254199825e+00
1.023769226830388845e+00 1.366626726774682776e+00
1.124216089564627152e+00 1.389969488757411220e+00
1.154663285913857695e+00 1.117863732461636728e+00
1.059116706733542745e+00 1.119828332500216073e+00
1.233033688482359835e+00 1.188350141907516644e+00
1.044792612576447510e+00 1.434449889574443970e+00
1.186838400610726207e+00 1.161227757697931295e+00
1.271916726902142525e+00 1.237503475448205048e+00
5.541224300483430509e-01 1.609331149288465213e+00
1.428266290675076267e+00 9.351012995337181222e-01
1.050514586663653605e+00 1.341426006621414979e+00
1.145938107220271895e+00 1.288023538486449571e+00
1.294884982240498639e+00 1.339936938290068769e+00
1.252939367962840889e+00 1.465671998455353453e+00
1.244900084595015999e+00 1.280733372105191670e+00
1.672345141887488618e+00 1.551812966690088391e+00
1.532215009864669186e+00 1.241388423803685415e+00
1.280900969302519954e+00 1.199590037100845663e+00
6.905707791083146585e-01 1.993433607088131554e+00
1.906646132539063343e+00 5.541347493009521896e-01
2.785172300195690176e-01 1.730422040783582416e+00
9.346485010374181446e-01 1.392640261789681588e+00
1.391042308808933203e+00 7.983473876267319636e-01
1.083511208154458894e+00 7.023677365505800463e-01
1.059700297954691450e+00 1.154619982032171643e+00
1.174706259504335604e+00 1.177192723324921309e+00
7.390867228148665369e-01 1.472914285230345399e+00
8.764560007250972173e-01 1.281231774468591045e+00
9.308690205213621116e-01 9.689694313596630693e-01
1.234668567340366119e+00 1.209489201373400435e+00
1.882189288350242240e+00 1.442619600774523780e+00
1.420965265280699219e+00 1.361129258406339027e+00
7.930730563560749458e-01 1.636950830420651926e+00
8.586890382530332211e-01 1.301600974491337492e+00
1.448157455800553439e+00 2.135920356257656194e-01
1.143882387396847999e+00 1.379766932720126071e+00
1.301139038243146695e+00 1.120452126423321149e+00
1.836759730744488728e+00 6.618504735944974460e-01
1.371246160826735228e+00 1.149116461186992399e+00
5.467331965433968044e-01 1.437047028935782622e+00
9.667601955137474778e-01 1.287829284910629424e+00
1.215642385361081379e+00 8.667578573247448626e-01
6.692006389870264194e-01 1.590870282174506212e+00
1.049718450252252300e+00 1.106764063494152239e+00
1.225318554955633576e+00 1.010307091282935943e+00
1.250271958250141591e+00 1.257810716907112214e+00
1.785506915844683906e+00 1.262503899446988820e+00
1.115470033278937567e+00 7.455492840905560969e-01
8.663123932648216785e-01 1.304556558057254456e+00
1.836169791849501021e+00 8.265857181641378393e-01
9.612431777485751505e-01 1.409852971099610830e+00
4.958782997264103987e-01 1.772464856855993309e+00
1.404048610113092899e+00 1.343952446752675334e+00
8.191268806432102645e-01 1.507675519538710152e+00
1.377814765307744160e+00 1.217977925714929688e+00
1.400545053853938793e+00 1.121936392899221202e+00
1.593464605448230653e+00 7.802422486387630141e-01
1.721462055746031838e+00 1.538893010236821457e+00
1.230924516296486138e+00 1.148486012310098392e+00
1.040153154810971481e+00 1.513776750083208888e+00
6.595128473377888101e-01 1.673918921524436998e+00
1.274661930668421705e+00 1.411754970885289229e+00
9.818116227006914443e-01 1.483891514663036482e+00
1.071086631992566485e+00 1.288511819593611829e+00
3.700290385281108652e-01 2.017267096873497145e+00
9.614960659457594261e-01 1.184898349098236547e+00
1.153834537302368624e+00 1.128043089493798723e+00
1.706083254748023581e+00 7.661830777323129782e-01
1.261977381711043344e+00 1.100062788376117373e+00
1.292279966602661201e+00 9.044951347773303452e-01
1.080437734095724300e+00 1.233655194074159134e+00
5.462989740285646434e-01 1.348097363867718501e+00
1.001427258877607196e+00 1.374743799471012773e+00
5.949479041132010870e-01 1.769657914032938484e+00
1.167800939150012818e+00 1.277478078965007535e+00
1.013000547809007390e+00 1.477532798970927930e+00
5.682602320348618674e-01 1.695593856385996689e+00
4.306703806307933813e-01 1.531836012260754609e+00
2.329522840469818501e+00 3.162618272352605842e-01
1.414589767859322889e+00 7.253362279326908135e-01
1.196225530681163551e+00 1.536443154751739204e+00
8.538356065158684283e-01 1.388746690092865332e+00
1.237691441244992419e+00 1.246927131062143257e+00
4.580413977595214070e-01 1.442879555109812140e+00
1.171884513249125570e+00 3.756569127525504204e-01
1.405948017243902504e+00 1.193200714433716447e+00
1.628052744725773326e+00 8.764503675979251618e-01
1.489798485273952977e+00 6.974162009472909540e-01
1.025876065175185259e+00 1.225909525535122224e+00
7.996680910221229954e-01 1.170070545200369905e+00
1.002874380276051358e+00 1.430220180526390772e+00
1.118101862382633982e+00 1.309239096586024553e+00
1.542284772096726098e+00 1.241962197407691759e+00
9.564013519184706436e-01 1.378638421999154762e+00
2.069376423867335113e+00 8.281636044911114825e-01
9.841637236722432514e-01 1.278769440052188067e+00
9.651477193384584430e-01 1.141658538925153454e+00
1.272923524822093588e+00 1.296484875632111455e+00
7.241273859024319748e-01 1.498844244178809904e+00
1.134012352073757723e+00 1.205731651642124369e+00
1.396967385948206575e+00 1.229469515891144393e+00
1.516742996431489576e+00 9.430800075844321118e-01
7.632600374658815578e-01 1.555416302242060844e+00
1.229646125669991541e+00 1.257678762548800622e+00
1.323764223751902946e+00 1.460690925729700940e+00
1.022404234743660156e+00 1.666194406508161752e+00
1.331905901933981395e+00 1.425256744117251895e+00
7.867948818765333474e-01 1.933222415301263153e+00
1.090739152406367873e+00 1.242560213749280384e+00
1.269764234427141814e+00 1.393010328733218950e+00
1.019969341744774383e+00 1.706554862130585271e+00
7.418455189589782117e-01 1.847300176434733210e+00
1.519154205083200315e+00 9.197134152298975796e-01
2.181210310243534511e+00 3.947175861227859572e-01
1.628175591716497950e+00 1.616289244888109655e+00
1.186591746965717897e+00 1.325938331845186058e+00
1.680328394208638665e+00 1.150335791985729994e+00
6.413891645699584254e-01 1.722040910006679360e+00
1.801306718093470760e+00 1.154959175171381469e+00
1.400735271497355106e+00 6.802843274606817925e-01
6.510018720580712515e-01 1.103817287179195139e+00
1.543712792687835345e+00 9.401719113729594124e-01
1.221812581406424014e+00 1.146475698717618119e+00
1.118421844426706890e+00 1.284106985697416992e+00
5.507519840655470400e-01 1.599242426275981455e+00
1.093367845595167642e+00 1.321570664779609938e+00
8.096336246631306022e-01 1.536732443218391975e+00
7.696868930359909156e-01 1.479344732472046342e+00
5.227074338354446015e-01 1.598042489440494984e+00
1.140209227498619082e+00 1.493852893999853215e+00
1.229429867232741946e+00 1.202146211069504034e+00
1.495685667251197559e+00 9.133099599481423470e-01
2.161796037462415221e+00 3.290130209621197621e-01
1.365189769141081255e+00 1.147317824174334699e+00
1.273493470917722581e+00 1.475908622261493885e+00
1.224949171647130575e+00 1.449813296507319604e+00
1.687349632471150329e+00 1.091017032129373510e+00
1.391163638481161202e+00 1.095947188540305151e+00
1.327277863629976240e+00 1.355492659171617431e+00
1.947523112370919574e+00 7.348456286593016973e-01
1.526570508592483444e+00 1.066251697767382156e+00
1.710732549316308804e+00 8.586969517659077678e-01
1.123319387692252702e+00 1.526236580348874439e+00
1.192862328260783755e+00 1.184133898166932264e+00
7.365907075745738997e-01 1.712581027467824590e+00
1.933958576782437433e+00 7.076468155500782453e-01
9.073033654403718229e-01 1.104495033762667777e+00
5.854610228341484701e-01 1.535727349435250577e+00
5.533691266061174785e-01 1.697667780493103518e+00
1.043834268336631288e+00 1.035206095037630947e+00
1.357346631481168187e+00 6.695570630218893315e-01
9.097044127691688020e-01 1.569856557880361825e+00
1.306141642280171489e+00 9.238152007352574691e-01
1.295624770239396817e+00 9.805650117159235846e-01
9.353340266581122719e-01 1.468205364523226475e+00
1.014404782564727769e+00 1.240798752711517627e+00
1.275993291606721369e+00 1.478984327714889080e+00
8.743387665480177873e-01 1.316609027265275067e+00
1.010908617014843802e+00 8.533515902501005446e-01
8.301793006976955214e-01 1.239742791793744692e+00
1.042934624395448706e+00 1.009441942905387801e+00
1.314841270054559530e+00 1.285532344092251922e+00
1.526341680301430248e+00 8.073908023146674218e-01
1.008468159590013791e+00 1.295936592559233214e+00
1.491751401664520582e+00 8.987069563263475613e-01
7.039304252298105302e-01 1.442571845158977739e+00
6.454711938845473229e-01 1.302513942595024066e+00
1.300274755973715779e+00 1.238422093275020286e+00
1.051966410202486157e+00 1.356267544006907189e+00
7.531040175489980282e-01 1.622351884755338647e+00
6.889421199316577704e-01 1.636184360089600220e+00
1.033285389524694065e+00 1.003653258594995545e+00
1.019114361872365482e+00 1.152818522532025103e+00
8.804156527728034254e-01 1.393203317206706870e+00
1.763963232445646234e+00 4.243144745444252242e-01
6.836804748986188285e-01 9.325399659319021373e-01
1.573807554577955070e+00 6.929878614914085633e-01
8.519364671398037547e-01 1.104539887019817535e+00
1.195187246462598551e+00 1.359854792656348677e+00
9.750593098596714858e-01 1.474080473755945642e+00
1.502890340157335469e+00 1.194306334470144781e+00
1.101305534614091197e+00 1.407952299050493794e+00
9.222171364027448304e-01 1.664929641725696019e+00
1.034119128419872968e+00 1.251478580306528920e+00
1.403300449839359976e+00 1.338744106622334451e+00
1.138840376465261706e+00 1.218102200320639428e+00
1.556611502794013946e+00 1.000399066676687543e+00
1.179417850165040527e+00 1.311063479287125411e+00
9.436627819558689456e-01 1.183383474066818764e+00
1.007424302453264753e+00 9.976290743108852110e-01
1.433200296095510362e+00 1.127858944438088651e+00
1.451744819384161111e+00 1.647648252901611432e+00
1.743314315869517239e+00 1.308173629093882351e+00
1.891989938780002989e+00 9.506816866051187587e-01
1.490918937472368144e+00 9.686957018790425256e-01
9.775439139159433077e-01 1.678891332985338769e+00
6.875197528892483811e-01 1.412048470286862756e+00
1.883976905031448934e-01 2.361121965309631143e+00
8.114328575410839628e-01 1.563872510994090526e+00
8.036659244485470088e-01 1.308965611704141496e+00
1.594656898763273878e+00 9.158378147245678225e-01
7.287967693322272567e-01 9.250870541488988019e-01
9.079067177491537688e-01 1.721301601422726035e+00
3.901875030715817316e-01 9.617146211278240209e-01
1.696153490435888589e+00 6.769096199711890360e-01
1.583455693941348885e+00 6.574610755875347490e-01
1.067781275844777111e+00 1.032104780496206686e+00
1.339611509896384334e+00 9.981451638994129905e-01
1.756906485957503428e+00 7.555580016897373019e-01
1.253662547670465255e+00 1.438874137043658630e+00
1.044993944914269113e+00 1.453978765231775938e+00
1.663595936153184685e+00 1.352578992106451050e+00
1.188824248022952057e+00 1.209202382236982398e+00
9.078938715173486829e-01 1.283252360173580575e+00
1.352652766423358965e+00 1.382601151566398956e+00
1.007076155810549656e+00 1.308746098842675787e+00
1.052147313588655653e+00 1.659740872508321585e+00
1.351011095715777044e+00 1.461381342837576813e+00
9.533691231148939682e-01 1.519486702713152226e+00
1.197838092256614750e+00 1.198761078599935859e+00
9.102220780940719624e-01 1.463608294240890118e+00
8.601727656542289546e-01 1.617519405274661315e+00
1.147303580662799583e+00 1.466719168030346632e+00
1.206016779700455288e+00 1.000910487511938340e+00
8.721843477577024828e-01 1.326961506198287566e+00
1.296018042649169422e+00 1.264491364948354901e+00
1.138913706494872669e+00 1.714766159867075146e+00
1.518205812971331392e+00 7.130918834964766750e-01
1.115719934235477551e+00 1.813633978025779303e+00
1.729289562297027905e+00 1.247564781879962892e+00
8.121158371830233813e-01 1.649039027602007712e+00
9.095300189867324692e-01 1.920965756933469271e+00
1.704879698397241183e+00 7.003023166573637548e-01
2.069280590981201318e+00 6.575745523154823413e-01
1.166866797349724871e+00 1.323806871378242267e+00
1.470389271821521460e+00 7.587178681671068459e-01
1.472149164767988516e+00 1.084791035902794576e+00
9.933054546796441509e-01 1.078315976264797582e+00
1.330387178685633609e+00 1.466027868625495723e+00
2.274309370339786973e+00 8.912342075298931299e-01
1.651816246764501672e+00 9.149205374022391091e-01
1.272826483480156146e+00 1.213554496218478107e+00
1.272879927257794197e+00 1.360022211902160105e+00
1.054531735378211987e+00 9.475848409376738113e-01
1.056329466621634072e+00 1.500570937465068200e+00
1.052505891754467404e+00 9.509151925278188644e-01
1.362041175698198492e+00 1.280902495042509637e+00
1.376866211647992166e+00 1.257957972022761162e+00
1.110595899316243473e+00 1.404514157022065834e+00
1.509314147675772322e+00 5.328766480474154132e-01
6.575106505815788704e-01 2.071016236225121876e+00
1.816871652314558272e+00 1.347437287644398518e+00
1.244344426225932665e+00 1.371817733724459698e+00
1.468738811399405542e+00 7.865057380918307750e-01
1.349454635519168999e+00 1.133437689440951468e+00
1.182363493101025620e+00 1.458315855755412560e+00
1.081956422327873701e+00 1.049927324644956528e+00
1.046322103868535747e+00 1.477105969725194035e+00
1.275763090202523653e+00 1.551891424352852100e+00
6.540015090882980164e-01 1.251599241366516901e+00
1.744189904910935507e+00 9.233115500347464089e-01
1.186875935943403126e+00 8.305991033573886240e-01
7.281519953546521373e-01 1.356772038706399064e+00
1.041925847949100481e+00 1.308336250473177476e+00
2.161853127555565912e+00 8.231384736769506993e-01
7.881919659055656169e-01 9.551193863585041299e-01
1.061476298448953859e+00 1.607936254734833481e+00
1.433780043781673896e+00 1.031009397872657551e+00
